
-0.0137 -0.4365 0.04
0.0216 0.3434 0.07
-0.0191 -0.2024 0.11
-0.0851 -0.6739 0.14
-0.0683 -0.4314 0.18
0.0742 0.3891 0.22
0.2748 1.2296 0.25
0.4092 1.5936 0.29
0.3577 1.2312 0.32
0.1776 0.5467 0.36
-0.0592 -0.1644 0.4
-0.1717 -0.4338 0.43
-0.0468 -0.1082 0.47
0.2232 0.4744 0.5
0.4159 0.8163 0.54
0.1021 0.1857 0.58
-0.1035 -0.175 0.61
-0.2023 -0.3188 0.65
-0.2791 -0.4106 0.68
-0.1533 -0.211 0.72
0.0302 0.0389 0.76
0.0836 0.101 0.79
0.1224 0.1388 0.83
0.1083 0.1153 0.86
0.3166 0.3166 0.9
0.3264 0.3065 0.94
0.45 0.3967 0.97
0.5197 0.4299 1.01
0.5329 0.4134 1.04
0.5656 0.4109 1.08
0.6986 0.4748 1.12
0.7334 0.4654 1.15
0.8291 0.4903 1.19
0.8646 0.4753 1.22
0.9411 0.4795 1.26
1.0793 0.5079 1.3
1.1766 0.5092 1.33
1.2938 0.5123 1.37
1.4102 0.5077 1.4
1.5451 0.502 1.44
1.6391 0.4762 1.48
1.751 0.4496 1.51
1.8031 0.4031 1.55
1.8344 0.3499 1.58
1.9219 0.3044 1.62
1.9305 0.2439 1.66
1.9566 0.1849 1.69
2.0761 0.1306 1.73
2.0412 0.0641 1.76
2.0991 0.0 1.8
2.0602 -0.0647 1.84
2.095 -0.1318 1.87
2.1272 -0.2011 1.91
2.1012 -0.2654 1.94
2.1104 -0.3343 1.98
2.1355 -0.4074 2.02
2.1397 -0.4783 2.05
2.1236 -0.5453 2.09
2.1055 -0.6117 2.12
2.1203 -0.6889 2.16
2.0803 -0.7489 2.2
2.0899 -0.8274 2.23
2.0291 -0.8781 2.27
2.0338 -0.957 2.3
1.9864 -1.0121 2.34
1.9697 -1.0828 2.38
2.0127 -1.1903 2.41
1.8823 -1.1946 2.45
1.8439 -1.2531 2.48
1.8036 -1.3104 2.52
1.7905 -1.3888 2.56
1.6894 -1.3976 2.59
1.6585 -1.4622 2.63
1.6915 -1.5884 2.66
1.6151 -1.6151 2.7
1.576 -1.6783 2.74
1.4864 -1.686 2.77
1.4444 -1.746 2.81
1.4332 -1.8476 2.84
1.2887 -1.7738 2.88
1.222 -1.7981 2.92
1.1549 -1.8198 2.95
1.1255 -1.9031 2.99
1.0473 -1.9051 3.02
0.97 -1.9038 3.06
0.9256 -1.9671 3.1
0.8708 -2.0122 3.13
0.8274 -2.0899 3.17
0.7676 -2.132 3.2
0.7336 -2.2579 3.24
0.6821 -2.3478 3.28
0.608 -2.368 3.31
0.5448 -2.4371 3.35
0.4679 -2.453 3.38
0.3934 -2.4836 3.42
0.3216 -2.5459 3.46
0.235 -2.4861 3.49
0.1568 -2.4923 3.53
0.0762 -2.4261 3.56
0.0 -2.3383 3.6
-0.07 -2.2283 3.64
-0.1342 -2.1325 3.67
-0.1993 -2.1085 3.71
-0.2463 -1.9498 3.74
-0.2952 -1.8639 3.78
-0.361 -1.8923 3.82
-0.4074 -1.8225 3.85
-0.4595 -1.7896 3.89
-0.4988 -1.7168 3.92
-0.6013 -1.8506 3.96
-0.6124 -1.7009 4.0
-0.6433 -1.6248 4.03
-0.686 -1.5851 4.07
-0.7782 -1.6538 4.1
-0.8025 -1.575 4.14
-0.7926 -1.4418 4.18
-0.7737 -1.3083 4.21
-0.9146 -1.4411 4.25
-0.8543 -1.2571 4.28
-0.8684 -1.1953 4.32
-0.7993 -1.0305 4.36
-0.887 -1.0722 4.39
-0.877 -0.9947 4.43
-0.8776 -0.9346 4.46
-0.8435 -0.8435 4.5
-0.9507 -0.8927 4.54
-0.8609 -0.759 4.57
-0.9191 -0.7604 4.61
-0.9603 -0.7449 4.64
-0.9832 -0.7143 4.68
-0.968 -0.6578 4.72
-0.9881 -0.6271 4.75
-1.0461 -0.6186 4.79
-1.0846 -0.5962 4.82
-1.0628 -0.5415 4.86
-1.0793 -0.5079 4.9
-1.0741 -0.4648 4.93
-1.13 -0.4474 4.97
-1.227 -0.4418 5.0
-1.2193 -0.3962 5.04
-1.2312 -0.3577 5.08
-1.1988 -0.3078 5.11
-1.3155 -0.2941 5.15
-1.3026 -0.2485 5.18
-1.2663 -0.2006 5.22
-1.2279 -0.1551 5.26
-1.2322 -0.1165 5.29
-1.3016 -0.0819 5.33
-1.2814 -0.0403 5.36
-1.3915 0.0 5.4
-1.3473 0.0423 5.44
-1.3016 0.0819 5.47
-1.342 0.1269 5.51
-1.3805 0.1744 5.54
-1.2881 0.204 5.58
-1.2594 0.2402 5.62
-1.2942 0.2893 5.65
-1.3057 0.3352 5.69
-1.3777 0.4003 5.72
-1.2403 0.403 5.76
-1.2683 0.4566 5.8
-1.233 0.4882 5.83
-1.1969 0.5179 5.87
-1.2394 0.5832 5.9
-1.2205 0.6219 5.94
-1.1235 0.6176 5.98
-1.1035 0.6526 6.01
-1.0825 0.687 6.05
-1.0968 0.7454 6.08
-1.1607 0.8433 6.12
-1.0305 0.7993 6.16
-1.0218 0.8453 6.19
-1.0275 0.9059 6.23
-1.0925 1.026 6.26
-0.984 0.984 6.3
-0.9674 1.0301 6.34
-0.963 1.0923 6.37
-0.887 1.0722 6.41
-0.8925 1.1506 6.44
-0.8052 1.1082 6.48
-0.733 1.0786 6.52
-0.7223 1.1382 6.55
-0.7083 1.1977 6.59
-0.531 0.9658 6.62
-0.4266 0.8373 6.66
-0.4983 1.0589 6.7
-0.4737 1.0948 6.73
-0.3718 0.939 6.77
-0.35 0.972 6.8
-0.3406 1.0482 6.84
-0.3328 1.1455 6.88
-0.291 1.1336 6.91
-0.2354 1.0532 6.95
-0.2193 1.1496 6.98
-0.1616 1.0204 7.02
-0.1295 1.025 7.06
-0.1016 1.0745 7.09
-0.0678 1.0771 7.13
-0.0339 1.0787 7.16
0.0 1.0792 7.2
0.0325 1.0326 7.24
0.0678 1.0771 7.27
0.0994 1.0515 7.31
0.1353 1.0707 7.34
0.1724 1.0886 7.38
0.1979 1.0375 7.42
0.2602 1.1641 7.45
0.2798 1.0896 7.49
0.3202 1.1021 7.52
0.3547 1.0915 7.56
0.3888 1.0798 7.6
0.4225 1.0671 7.63
0.4915 1.1359 7.67
0.527 1.1199 7.7
0.572 1.1226 7.74
0.5638 1.0256 7.78
0.6186 1.0461 7.81
0.6751 1.0638 7.85
0.7454 1.0968 7.88
0.6612 0.9101 7.92
0.8128 1.0478 7.96
0.7747 0.9364 7.99
0.8478 0.9617 8.03
0.8776 0.9346 8.06
0.9066 0.9066 8.1
0.8859 0.8319 8.14
1.0112 0.8915 8.17
1.0049 0.8313 8.21
0.9779 0.7586 8.24
1.0013 0.7275 8.28
1.042 0.7082 8.32
1.1011 0.6988 8.35
1.1035 0.6526 8.39
1.1621 0.6389 8.42
1.1816 0.602 8.46
1.3175 0.62 8.5
1.3364 0.5783 8.53
1.2938 0.5123 8.57
1.3499 0.486 8.6
1.3028 0.4233 8.64
1.3154 0.3822 8.68
1.3478 0.3461 8.71
1.4419 0.3223 8.75
1.4513 0.2769 8.78
1.5012 0.2378 8.82
1.6118 0.2036 8.86
1.4709 0.139 8.89
1.5799 0.0994 8.93
1.6031 0.0504 8.96
