0.0964 3.0664 0.0
0.1888 3.0003 0.0
0.2785 2.9463 0.0
0.3729 2.9516 0.0
0.4605 2.9074 0.0
0.5516 2.8915 0.0
0.6456 2.8881 0.0
0.7281 2.8359 0.0
0.8256 2.8419 0.0
0.9145 2.8145 0.0
0.9648 2.6798 0.0
1.0662 2.6928 0.0
1.1439 2.6433 0.0
1.1712 2.4888 0.0
1.2413 2.4361 0.0
1.269 2.3083 0.0
1.2888 2.1792 0.0
1.3006 2.0494 0.0
1.3643 2.0075 0.0
1.4059 1.9351 0.0
1.3888 1.7905 0.0
1.4327 1.7319 0.0
1.5345 1.7405 0.0
1.5135 1.6117 0.0
1.5372 1.5372 0.0
1.5576 1.4627 0.0
1.6307 1.4377 0.0
1.7178 1.4211 0.0
1.6287 1.2634 0.0
1.6982 1.2338 0.0
1.6414 1.1155 0.0
1.643 1.0426 0.0
1.6749 0.9905 0.0
1.7052 0.9374 0.0
1.8196 0.9271 0.0
1.8993 0.8938 0.0
1.9437 0.8411 0.0
2.0557 0.8139 0.0
2.3003 0.8282 0.0
2.553 0.8295 0.0
2.6885 0.7811 0.0
2.7117 0.6962 0.0
2.7639 0.6178 0.0
2.7977 0.5337 0.0
2.7972 0.443 0.0
2.7937 0.3529 0.0
2.7872 0.2635 0.0
2.7452 0.1727 0.0
2.7657 0.0869 0.0
2.6509 0.0 0.0
2.6328 0.0827 0.0
2.5611 0.1611 0.0
2.434 0.2301 0.0
2.3199 0.2931 0.0
2.2019 0.3488 0.0
2.1172 0.4039 0.0
1.9368 0.4329 0.0
1.8279 0.4693 0.0
1.6975 0.4932 0.0
1.5844 0.5148 0.0
1.548 0.5573 0.0
1.4912 0.5904 0.0
1.491 0.6452 0.0
1.5444 0.7267 0.0
1.4105 0.7187 0.0
1.4598 0.8026 0.0
1.4692 0.8689 0.0
1.5095 0.9579 0.0
1.5771 1.0718 0.0
1.3311 0.9671 0.0
1.3 1.0084 0.0
1.2677 1.0487 0.0
1.2496 1.1017 0.0
1.1234 1.0549 0.0
1.1634 1.1634 0.0
1.1684 1.2442 0.0
1.0052 1.1401 0.0
0.9957 1.2036 0.0
0.9316 1.201 0.0
0.9182 1.2637 0.0
0.8543 1.2571 0.0
0.837 1.3189 0.0
0.7629 1.29 0.0
0.6912 1.2572 0.0
0.7092 1.3918 0.0
0.62 1.3175 0.0
0.5612 1.2969 0.0
0.536 1.3539 0.0
0.4566 1.2683 0.0
0.4166 1.282 0.0
0.3822 1.3154 0.0
0.3674 1.4311 0.0
0.3083 1.3791 0.0
0.2567 1.3455 0.0
0.2311 1.4593 0.0
0.1852 1.4658 0.0
0.141 1.4921 0.0
0.0928 1.4746 0.0
0.0457 1.4554 0.0
0.0 1.6038 0.0
0.0477 1.5192 0.0
0.0954 1.5169 0.0
0.1509 1.5967 0.0
0.1931 1.5289 0.0
0.2476 1.5635 0.0
0.3044 1.5958 0.0
0.3499 1.5652 0.0
0.4143 1.6136 0.0
0.4533 1.5601 0.0
0.502 1.5451 0.0
0.5573 1.548 0.0
0.6507 1.6435 0.0
0.6698 1.5477 0.0
0.718 1.5259 0.0
0.7933 1.557 0.0
0.8223 1.4957 0.0
0.848 1.4339 0.0
0.9255 1.4583 0.0
1.0385 1.5282 0.0
1.0152 1.3973 0.0
1.0834 1.3967 0.0
1.1139 1.3465 0.0
1.1955 1.3561 0.0
1.2512 1.3324 0.0
1.2642 1.2642 0.0
1.3178 1.2375 0.0
1.371 1.2087 0.0
1.4389 1.1904 0.0
1.4285 1.108 0.0
1.4626 1.0626 0.0
1.5117 1.0274 0.0
1.5264 0.9687 0.0
1.6916 1.0004 0.0
1.671 0.9186 0.0
1.7338 0.8834 0.0
1.7782 0.8368 0.0
1.961 0.8486 0.0
2.1069 0.8342 0.0
2.2672 0.8162 0.0
2.2917 0.7446 0.0
2.4147 0.7015 0.0
2.4523 0.6296 0.0
2.5542 0.5709 0.0
2.6204 0.4999 0.0
2.6513 0.4199 0.0
2.6962 0.3406 0.0
2.7384 0.2589 0.0
2.7616 0.1737 0.0
2.6997 0.0848 0.0
2.7997 0.0 0.0
2.8628 0.09 0.0
2.7779 0.1748 0.0
2.7547 0.2604 0.0
2.7776 0.3509 0.0
2.7491 0.4354 0.0
2.7819 0.5307 0.0
2.6844 0.6 0.0
2.7117 0.6962 0.0
2.6414 0.7674 0.0
2.5371 0.8244 0.0
2.2672 0.8162 0.0
2.1238 0.8409 0.0
2.0291 0.8781 0.0
1.8305 0.8614 0.0
1.7683 0.901 0.0
1.7222 0.9468 0.0
1.7083 1.0103 0.0
1.8356 1.1649 0.0
1.7827 1.2115 0.0
1.7286 1.2559 0.0
1.6586 1.2866 0.0
1.6319 1.35 0.0
1.686 1.4864 0.0
1.6651 1.5636 0.0
1.5372 1.5372 0.0
1.5512 1.6518 0.0
1.5105 1.7134 0.0
1.4093 1.7036 0.0
1.4111 1.8192 0.0
1.3744 1.8917 0.0
1.2941 1.9042 0.0
1.2816 2.0195 0.0
1.2266 2.074 0.0
1.1947 2.1731 0.0
1.1099 2.1784 0.0
1.078 2.2909 0.0
1.0055 2.3236 0.0
0.9697 2.4491 0.0
0.9262 2.5725 0.0
0.8651 2.6626 0.0
0.7765 2.6728 0.0
0.7281 2.8359 0.0
0.6558 2.9338 0.0
0.5516 2.8915 0.0
0.4678 2.9538 0.0
0.3748 2.9671 0.0
0.2887 3.0543 0.0
0.1926 3.0618 0.0
0.0944 3.0047 0.0
0.0 3.0526 0.0
0.0949 3.0202 0.2
0.1868 2.9692 0.2
0.2814 2.9774 0.2
0.3768 2.9825 0.2
0.4678 2.9538 0.2
0.5545 2.907 0.2
0.6456 2.8881 0.2
0.7321 2.8512 0.2
0.8344 2.8719 0.2
0.9096 2.7996 0.2
0.981 2.725 0.2
1.0485 2.6482 0.2
1.1119 2.5694 0.2
1.1781 2.5037 0.2
1.1959 2.347 0.2
1.2363 2.2487 0.2
1.2623 2.1345 0.2
1.2721 2.0045 0.2
1.3143 1.934 0.2
1.3744 1.8917 0.2
1.4 1.8048 0.2
1.4327 1.7319 0.2
1.4743 1.6723 0.2
1.5636 1.6651 0.2
1.5764 1.5764 0.2
1.5576 1.4627 0.2
1.5746 1.3882 0.2
1.6463 1.362 0.2
1.6287 1.2634 0.2
1.6212 1.1779 0.2
1.6733 1.1371 0.2
1.643 1.0426 0.2
1.7248 1.0201 0.2
1.671 0.9186 0.2
1.699 0.8657 0.2
1.8305 0.8614 0.2
1.961 0.8486 0.2
2.1069 0.8342 0.2
2.3168 0.8341 0.2
2.5052 0.814 0.2
2.6097 0.7582 0.2
2.6801 0.6881 0.2
2.7639 0.6178 0.2
2.8915 0.5516 0.2
2.7652 0.438 0.2
2.7937 0.3529 0.2
2.8034 0.265 0.2
2.7452 0.1727 0.2
2.6997 0.0848 0.2
2.6509 0.0 0.2
2.6664 0.0838 0.2
2.5268 0.159 0.2
2.4514 0.2317 0.2
2.302 0.2908 0.2
2.1838 0.3459 0.2
2.0804 0.3969 0.2
1.9556 0.4371 0.2
1.751 0.4496 0.2
1.7552 0.5099 0.2
1.5451 0.502 0.2
1.4697 0.5291 0.2
1.4718 0.5827 0.2
1.4336 0.6204 0.2
1.6176 0.7612 0.2
1.429 0.7281 0.2
1.4598 0.8026 0.2
1.4339 0.848 0.2
1.5264 0.9687 0.2
1.3437 0.9132 0.2
1.3143 0.9549 0.2
1.2508 0.9702 0.2
1.2677 1.0487 0.2
1.1717 1.033 0.2
1.108 1.0405 0.2
1.1488 1.1488 0.2
1.0405 1.108 0.2
0.9911 1.1242 0.2
0.9689 1.1711 0.2
0.9186 1.1843 0.2
0.9427 1.2975 0.2
0.8543 1.2571 0.2
0.8144 1.2833 0.2
0.7412 1.2533 0.2
0.6912 1.2572 0.2
0.6708 1.3165 0.2
0.6017 1.2787 0.2
0.6036 1.3949 0.2
0.5202 1.3139 0.2
0.4714 1.3093 0.2
0.43 1.3234 0.2
0.37 1.2735 0.2
0.3298 1.2845 0.2
0.3036 1.358 0.2
0.2729 1.4303 0.2
0.2244 1.417 0.2
0.1717 1.359 0.2
0.133 1.4069 0.2
0.0874 1.3888 0.2
0.043 1.3691 0.2
0.0 1.541 0.2
0.0457 1.4554 0.2
0.0941 1.4958 0.2
0.137 1.4497 0.2
0.1852 1.4658 0.2
0.2444 1.5428 0.2
0.2848 1.493 0.2
0.3453 1.5449 0.2
0.3937 1.5333 0.2
0.4358 1.5 0.2
0.5084 1.5648 0.2
0.5433 1.509 0.2
0.5904 1.4912 0.2
0.6698 1.5477 0.2
0.7005 1.4887 0.2
0.7281 1.429 0.2
0.8223 1.4957 0.2
0.8792 1.4867 0.2
0.9255 1.4583 0.2
0.9708 1.4285 0.2
1.0152 1.3973 0.2
1.108 1.4285 0.2
1.1268 1.362 0.2
1.2219 1.3859 0.2
1.2238 1.3032 0.2
1.2783 1.2783 0.2
1.3032 1.2238 0.2
1.341 1.1823 0.2
1.3929 1.1523 0.2
1.4126 1.0957 0.2
1.4463 1.0508 0.2
1.4786 1.0049 0.2
1.5095 0.9579 0.2
1.7248 1.0201 0.2
1.6191 0.8901 0.2
1.7511 0.8922 0.2
1.8993 0.8938 0.2
1.9437 0.8411 0.2
2.0386 0.8071 0.2
2.1662 0.7799 0.2
2.2748 0.7391 0.2
2.3814 0.6918 0.2
2.4523 0.6296 0.2
2.5044 0.5598 0.2
2.5542 0.4872 0.2
2.6183 0.4147 0.2
2.6632 0.3364 0.2
2.7547 0.2604 0.2
2.7287 0.1717 0.2
2.7983 0.0879 0.2
2.7834 0.0 0.2
2.7983 0.0879 0.2
2.8103 0.1768 0.2
2.8195 0.2665 0.2
2.7452 0.3468 0.2
2.7652 0.438 0.2
2.7501 0.5246 0.2
2.7796 0.6213 0.2
2.7117 0.6962 0.2
2.6414 0.7674 0.2
2.4568 0.7983 0.2
2.3496 0.8459 0.2
2.1406 0.8475 0.2
1.9437 0.8411 0.2
1.8478 0.8695 0.2
1.7338 0.8834 0.2
1.7391 0.9561 0.2
1.7578 1.0396 0.2
1.7882 1.1348 0.2
1.7517 1.1905 0.2
1.6367 1.1891 0.2
1.6735 1.2981 0.2
1.6607 1.3739 0.2
1.6028 1.413 0.2
1.6117 1.5135 0.2
1.5241 1.5241 0.2
1.5135 1.6117 0.2
1.4985 1.6997 0.2
1.479 1.7879 0.2
1.4222 1.8334 0.2
1.3533 1.8626 0.2
1.3042 1.9191 0.2
1.2721 2.0045 0.2
1.2176 2.0588 0.2
1.1693 2.127 0.2
1.1179 2.194 0.2
1.0633 2.2596 0.2
1.0191 2.3551 0.2
0.9447 2.386 0.2
0.9149 2.5414 0.2
0.8702 2.6781 0.2
0.7946 2.7351 0.2
0.7123 2.7742 0.2
0.649 2.9034 0.2
0.5545 2.907 0.2
0.4703 2.9692 0.2
0.3729 2.9516 0.2
0.2858 3.0237 0.2
0.1917 3.0465 0.2
0.0959 3.051 0.2
0.0 3.0679 0.2
0.0949 3.0202 0.4
0.1858 2.9536 0.4
0.2829 2.9929 0.4
0.3748 2.9671 0.4
0.4678 2.9538 0.4
0.5604 2.9377 0.4
0.6558 2.9338 0.4
0.7553 2.9417 0.4
0.8213 2.8268 0.4
0.895 2.7544 0.4
0.981 2.725 0.4
1.0662 2.6928 0.4
1.1247 2.5991 0.4
1.1851 2.5185 0.4
1.1959 2.347 0.4
1.2197 2.2186 0.4
1.2623 2.1345 0.4
1.3288 2.0938 0.4
1.3344 1.9636 0.4
1.3533 1.8626 0.4
1.4111 1.8192 0.4
1.479 1.7879 0.4
1.4864 1.686 0.4
1.5387 1.6385 0.4
1.6023 1.6023 0.4
1.5848 1.4882 0.4
1.5604 1.3757 0.4
1.6028 1.326 0.4
1.6287 1.2634 0.4
1.6829 1.2227 0.4
1.6733 1.1371 0.4
1.6593 1.0531 0.4
1.6413 0.9706 0.4
1.6365 0.8996 0.4
1.6815 0.8568 0.4
1.8305 0.8614 0.4
1.9781 0.856 0.4
2.0728 0.8207 0.4
2.3659 0.8518 0.4
2.4406 0.793 0.4
2.5938 0.7536 0.4
2.7431 0.7043 0.4
2.7322 0.6107 0.4
2.8449 0.5427 0.4
2.7652 0.438 0.4
2.7614 0.3488 0.4
2.7872 0.2635 0.4
2.7779 0.1748 0.4
2.6496 0.0833 0.4
2.6844 0.0 0.4
2.599 0.0817 0.4
2.4749 0.1557 0.4
2.434 0.2301 0.4
2.2841 0.2886 0.4
2.1838 0.3459 0.4
2.006 0.3827 0.4
1.9744 0.4413 0.4
1.7316 0.4446 0.4
1.5997 0.4648 0.4
1.5253 0.4956 0.4
1.4499 0.522 0.4
1.4718 0.5827 0.4
1.5289 0.6616 0.4
1.4134 0.6651 0.4
1.4105 0.7187 0.4
1.3872 0.7626 0.4
1.3626 0.8058 0.4
1.3542 0.8594 0.4
1.3948 0.9479 0.4
1.2467 0.9058 0.4
1.3163 1.021 0.4
1.2036 0.9957 0.4
1.2031 1.0606 0.4
1.1692 1.0979 0.4
1.0748 1.0748 0.4
1.1544 1.2293 0.4
1.0052 1.1401 0.4
0.9553 1.1548 0.4
0.9316 1.201 0.4
0.9182 1.2637 0.4
0.8064 1.1866 0.4
0.7572 1.1932 0.4
0.7412 1.2533 0.4
0.7626 1.3872 0.4
0.6317 1.2399 0.4
0.5925 1.2591 0.4
0.544 1.2571 0.4
0.4962 1.2533 0.4
0.464 1.2888 0.4
0.4233 1.3028 0.4
0.3761 1.2945 0.4
0.3727 1.4517 0.4
0.2893 1.2942 0.4
0.2607 1.3669 0.4
0.2345 1.4803 0.4
0.1825 1.4446 0.4
0.143 1.5132 0.4
0.0874 1.3888 0.4
0.0464 1.4768 0.4
0.0 1.4561 0.4
0.0471 1.498 0.4
0.0968 1.538 0.4
0.145 1.5342 0.4
0.1958 1.5497 0.4
0.2411 1.5221 0.4
0.3005 1.5754 0.4
0.3589 1.6057 0.4
0.3885 1.513 0.4
0.5155 1.7743 0.4
0.4762 1.4656 0.4
0.5782 1.6059 0.4
0.6133 1.5489 0.4
0.6779 1.5665 0.4
0.7005 1.4887 0.4
0.7563 1.4843 0.4
0.8709 1.5842 0.4
0.8792 1.4867 0.4
0.9363 1.4754 0.4
1.0049 1.4786 0.4
1.0508 1.4463 0.4
1.071 1.3808 0.4
1.1139 1.3465 0.4
1.2087 1.371 0.4
1.2784 1.3613 0.4
1.2783 1.2783 0.4
1.2886 1.2101 0.4
1.3859 1.2219 0.4
1.3775 1.1396 0.4
1.4442 1.1203 0.4
1.4463 1.0508 0.4
1.4453 0.9822 0.4
1.5264 0.9687 0.4
1.5388 0.9101 0.4
1.671 0.9186 0.4
1.7338 0.8834 0.4
1.8651 0.8776 0.4
1.9091 0.8262 0.4
2.1238 0.8409 0.4
2.2001 0.7921 0.4
2.2239 0.7226 0.4
2.3646 0.687 0.4
2.4356 0.6253 0.4
2.5542 0.5709 0.4
2.5542 0.4872 0.4
2.6678 0.4225 0.4
2.6466 0.3343 0.4
2.7056 0.2558 0.4
2.7452 0.1727 0.4
2.8468 0.0895 0.4
2.7997 0.0 0.4
2.7493 0.0864 0.4
2.7941 0.1758 0.4
2.8034 0.265 0.4
2.8416 0.359 0.4
2.8131 0.4456 0.4
2.7977 0.5337 0.4
2.7322 0.6107 0.4
2.7274 0.7003 0.4
2.6571 0.772 0.4
2.5052 0.814 0.4
2.3332 0.84 0.4
2.1069 0.8342 0.4
1.8917 0.8186 0.4
1.8132 0.8532 0.4
1.7855 0.9097 0.4
1.7391 0.9561 0.4
1.7083 1.0103 0.4
1.9591 1.2433 0.4
1.6733 1.1371 0.4
1.6676 1.2116 0.4
1.7178 1.3324 0.4
1.6463 1.362 0.4
1.5604 1.3757 0.4
1.6385 1.5387 0.4
1.5894 1.5894 0.4
1.5387 1.6385 0.4
1.5464 1.754 0.4
1.4444 1.746 0.4
1.3888 1.7905 0.4
1.3639 1.8772 0.4
1.3344 1.9636 0.4
1.2721 2.0045 0.4
1.2176 2.0588 0.4
1.203 2.1883 0.4
1.1179 2.194 0.4
1.0706 2.2752 0.4
1.0191 2.3551 0.4
0.9635 2.4334 0.4
0.9093 2.5257 0.4
0.85 2.616 0.4
0.7901 2.7196 0.4
0.7242 2.8206 0.4
0.6456 2.8881 0.4
0.5516 2.8915 0.4
0.4703 2.9692 0.4
0.3787 2.9979 0.4
0.293 3.0998 0.4
0.1897 3.0158 0.4
0.0964 3.0664 0.4
0.0 3.0526 0.4
0.0964 3.0664 0.6000000000000001
0.1907 3.0312 0.6000000000000001
0.2844 3.0083 0.6000000000000001
0.3729 2.9516 0.6000000000000001
0.4727 2.9845 0.6000000000000001
0.5545 2.907 0.6000000000000001
0.6659 2.979 0.6000000000000001
0.7515 2.9268 0.6000000000000001
0.8344 2.8719 0.6000000000000001
0.9145 2.8145 0.6000000000000001
0.9864 2.7399 0.6000000000000001
1.0544 2.6631 0.6000000000000001
1.1439 2.6433 0.6000000000000001
1.15 2.444 0.6000000000000001
1.2035 2.362 0.6000000000000001
1.2363 2.2487 0.6000000000000001
1.2623 2.1345 0.6000000000000001
1.2529 1.9743 0.6000000000000001
1.3143 1.934 0.6000000000000001
1.3744 1.8917 0.6000000000000001
1.3888 1.7905 0.6000000000000001
1.3976 1.6894 0.6000000000000001
1.5345 1.7405 0.6000000000000001
1.4882 1.5848 0.6000000000000001
1.5372 1.5372 0.6000000000000001
1.5576 1.4627 0.6000000000000001
1.5746 1.3882 0.6000000000000001
1.6319 1.35 0.6000000000000001
1.6586 1.2866 0.6000000000000001
1.6212 1.1779 0.6000000000000001
1.5933 1.0828 0.6000000000000001
1.643 1.0426 0.6000000000000001
1.6244 0.9606 0.6000000000000001
1.6365 0.8996 0.6000000000000001
1.7683 0.901 0.6000000000000001
1.7253 0.8119 0.6000000000000001
1.9265 0.8337 0.6000000000000001
2.0728 0.8207 0.6000000000000001
2.2838 0.8222 0.6000000000000001
2.473 0.8035 0.6000000000000001
2.6414 0.7674 0.6000000000000001
2.6959 0.6922 0.6000000000000001
2.7004 0.6036 0.6000000000000001
2.8292 0.5397 0.6000000000000001
2.7491 0.4354 0.6000000000000001
2.8257 0.357 0.6000000000000001
2.722 0.2573 0.6000000000000001
2.7123 0.1706 0.6000000000000001
2.6328 0.0827 0.6000000000000001
2.6172 0.0 0.6000000000000001
2.5649 0.0806 0.6000000000000001
2.5268 0.159 0.6000000000000001
2.31 0.2184 0.6000000000000001
2.2118 0.2794 0.6000000000000001
2.0919 0.3313 0.6000000000000001
1.9305 0.3683 0.6000000000000001
1.8225 0.4074 0.6000000000000001
1.751 0.4496 0.6000000000000001
1.5601 0.4533 0.6000000000000001
1.5451 0.502 0.6000000000000001
1.548 0.5573 0.6000000000000001
1.4328 0.5673 0.6000000000000001
1.3949 0.6036 0.6000000000000001
1.4134 0.6651 0.6000000000000001
1.3543 0.69 0.6000000000000001
1.4055 0.7727 0.6000000000000001
1.3984 0.827 0.6000000000000001
1.4583 0.9255 0.6000000000000001
1.3437 0.9132 0.6000000000000001
1.3143 0.9549 0.6000000000000001
1.2837 0.9957 0.6000000000000001
1.2036 0.9957 0.6000000000000001
1.1717 1.033 0.6000000000000001
1.1234 1.0549 0.6000000000000001
1.1193 1.1193 0.6000000000000001
1.0979 1.1692 0.6000000000000001
1.0881 1.2342 0.6000000000000001
0.9145 1.1054 0.6000000000000001
0.9316 1.201 0.6000000000000001
0.8934 1.2297 0.6000000000000001
0.8185 1.2043 0.6000000000000001
0.7572 1.1932 0.6000000000000001
0.7412 1.2533 0.6000000000000001
0.6599 1.2004 0.6000000000000001
0.6611 1.2974 0.6000000000000001
0.5832 1.2394 0.6000000000000001
0.5526 1.2771 0.6000000000000001
0.5281 1.3339 0.6000000000000001
0.5643 1.5674 0.6000000000000001
0.45 1.3849 0.6000000000000001
0.4062 1.3983 0.6000000000000001
0.3568 1.3896 0.6000000000000001
0.3083 1.3791 0.6000000000000001
0.2688 1.4093 0.6000000000000001
0.2244 1.417 0.6000000000000001
0.1825 1.4446 0.6000000000000001
0.137 1.4497 0.6000000000000001
0.0981 1.559 0.6000000000000001
0.0464 1.4768 0.6000000000000001
0.0 1.5199 0.6000000000000001
0.0457 1.4554 0.6000000000000001
0.0981 1.559 0.6000000000000001
0.147 1.5551 0.6000000000000001
0.201 1.5912 0.6000000000000001
0.2444 1.5428 0.6000000000000001
0.2848 1.493 0.6000000000000001
0.3544 1.5855 0.6000000000000001
0.4143 1.6136 0.6000000000000001
0.5265 1.8122 0.6000000000000001
0.5084 1.5648 0.6000000000000001
0.5503 1.5286 0.6000000000000001
0.6208 1.568 0.6000000000000001
0.6616 1.5289 0.6000000000000001
0.7093 1.5073 0.6000000000000001
0.7376 1.4475 0.6000000000000001
0.8516 1.549 0.6000000000000001
0.8998 1.5215 0.6000000000000001
0.9579 1.5095 0.6000000000000001
0.9708 1.4285 0.6000000000000001
1.0152 1.3973 0.6000000000000001
1.071 1.3808 0.6000000000000001
1.1268 1.362 0.6000000000000001
1.1955 1.3561 0.6000000000000001
1.2375 1.3178 0.6000000000000001
1.3622 1.3622 0.6000000000000001
1.2739 1.1962 0.6000000000000001
1.371 1.2087 0.6000000000000001
1.4236 1.1777 0.6000000000000001
1.4126 1.0957 0.6000000000000001
1.4948 1.086 0.6000000000000001
1.5117 1.0274 0.6000000000000001
1.5095 0.9579 0.6000000000000001
1.7083 1.0103 0.6000000000000001
1.6365 0.8996 0.6000000000000001
1.6463 0.8388 0.6000000000000001
1.743 0.8202 0.6000000000000001
1.8391 0.7958 0.6000000000000001
1.9866 0.7866 0.6000000000000001
2.0803 0.7489 0.6000000000000001
2.2748 0.7391 0.6000000000000001
2.2627 0.6574 0.6000000000000001
2.4188 0.621 0.6000000000000001
2.4876 0.5561 0.6000000000000001
2.5375 0.484 0.6000000000000001
2.6017 0.4121 0.6000000000000001
2.7452 0.3468 0.6000000000000001
2.689 0.2542 0.6000000000000001
2.7616 0.1737 0.6000000000000001
2.7493 0.0864 0.6000000000000001
2.767 0.0 0.6000000000000001
2.7983 0.0879 0.6000000000000001
2.8426 0.1788 0.6000000000000001
2.7872 0.2635 0.6000000000000001
2.7776 0.3509 0.6000000000000001
2.8448 0.4506 0.6000000000000001
2.7977 0.5337 0.6000000000000001
2.7481 0.6143 0.6000000000000001
2.6959 0.6922 0.6000000000000001
2.6414 0.7674 0.6000000000000001
2.473 0.8035 0.6000000000000001
2.3003 0.8282 0.6000000000000001
2.1069 0.8342 0.6000000000000001
1.9437 0.8411 0.6000000000000001
1.8132 0.8532 0.6000000000000001
1.8366 0.9358 0.6000000000000001
1.7052 0.9374 0.6000000000000001
1.7414 1.0298 0.6000000000000001
1.7882 1.1348 0.6000000000000001
1.7517 1.1905 0.6000000000000001
1.6829 1.2227 0.6000000000000001
1.6437 1.275 0.6000000000000001
1.6174 1.338 0.6000000000000001
1.6307 1.4377 0.6000000000000001
1.5576 1.4627 0.6000000000000001
1.5764 1.5764 0.6000000000000001
1.5135 1.6117 0.6000000000000001
1.5105 1.7134 0.6000000000000001
1.479 1.7879 0.6000000000000001
1.3776 1.776 0.6000000000000001
1.3639 1.8772 0.6000000000000001
1.3143 1.934 0.6000000000000001
1.2529 1.9743 0.6000000000000001
1.1903 2.0127 0.6000000000000001
1.1523 2.096 0.6000000000000001
1.1494 2.2559 0.6000000000000001
1.0706 2.2752 0.6000000000000001
1.0055 2.3236 0.6000000000000001
0.9759 2.4648 0.6000000000000001
0.9149 2.5414 0.6000000000000001
0.8449 2.6003 0.6000000000000001
0.7991 2.7505 0.6000000000000001
0.7321 2.8512 0.6000000000000001
0.6387 2.8574 0.6000000000000001
0.5545 2.907 0.6000000000000001
0.4751 2.9998 0.6000000000000001
0.3883 3.074 0.6000000000000001
0.2844 3.0083 0.6000000000000001
0.1917 3.0465 0.6000000000000001
0.0964 3.0664 0.6000000000000001
0.0 3.0679 0.6000000000000001
0.0954 3.0357 0.8
0.1907 3.0312 0.8
0.2829 2.9929 0.8
0.3768 2.9825 0.8
0.4727 2.9845 0.8
0.5662 2.9682 0.8
0.6692 2.994 0.8
0.7515 2.9268 0.8
0.8473 2.9166 0.8
0.9145 2.8145 0.8
0.9756 2.71 0.8
1.0485 2.6482 0.8
1.1054 2.5544 0.8
1.1358 2.4138 0.8
1.1805 2.3168 0.8
1.2114 2.2035 0.8
1.2176 2.0588 0.8
1.2529 1.9743 0.8
1.3042 1.9191 0.8
1.3212 1.8184 0.8
1.4111 1.8192 0.8
1.3739 1.6607 0.8
1.4254 1.6168 0.8
1.4369 1.5302 0.8
1.5634 1.5634 0.8
1.5164 1.424 0.8
1.5031 1.3252 0.8
1.5735 1.3017 0.8
1.5834 1.2282 0.8
1.5742 1.1438 0.8
1.5933 1.0828 0.8
1.643 1.0426 0.8
1.5903 0.9405 0.8
1.5842 0.8709 0.8
1.5929 0.8116 0.8
1.7607 0.8285 0.8
1.8742 0.8111 0.8
2.0728 0.8207 0.8
2.1832 0.786 0.8
2.5371 0.8244 0.8
2.5295 0.7349 0.8
2.6801 0.6881 0.8
2.7481 0.6143 0.8
2.7501 0.5246 0.8
2.7167 0.4303 0.8
2.6962 0.3406 0.8
2.7384 0.2589 0.8
2.6957 0.1696 0.8
2.6328 0.0827 0.8
2.5318 0.0 0.8
2.4786 0.0779 0.8
2.4575 0.1546 0.8
2.274 0.215 0.8
2.1752 0.2748 0.8
2.0171 0.3195 0.8
1.8149 0.3462 0.8
1.7054 0.3812 0.8
1.5736 0.404 0.8
1.5 0.4358 0.8
1.4856 0.4827 0.8
1.4301 0.5149 0.8
1.4132 0.5595 0.8
1.4336 0.6204 0.8
1.3369 0.6291 0.8
1.466 0.7469 0.8
1.3134 0.722 0.8
1.3984 0.827 0.8
1.3542 0.8594 0.8
1.3437 0.9132 0.8
1.2807 0.9305 0.8
1.2177 0.9445 0.8
1.1548 0.9553 0.8
1.156 1.0191 0.8
1.077 1.0114 0.8
1.0296 1.0296 0.8
1.1121 1.1843 0.8
0.9345 1.06 0.8
0.9145 1.1054 0.8
0.8793 1.1336 0.8
0.8306 1.1433 0.8
0.8543 1.2571 0.8
0.7456 1.1749 0.8
0.7083 1.1977 0.8
0.722 1.3134 0.8
0.6317 1.2399 0.8
0.5832 1.2394 0.8
0.5698 1.3167 0.8
0.5281 1.3339 0.8
0.5291 1.4697 0.8
0.4166 1.282 0.8
0.3943 1.357 0.8
0.3568 1.3896 0.8
0.3083 1.3791 0.8
0.2526 1.3241 0.8
0.2211 1.3957 0.8
0.169 1.3374 0.8
0.141 1.4921 0.8
0.0914 1.4533 0.8
0.0464 1.4768 0.8
0.0 1.4561 0.8
0.0464 1.4768 0.8
0.0901 1.4318 0.8
0.1548 1.638 0.8
0.201 1.5912 0.8
0.2476 1.5635 0.8
0.2888 1.5138 0.8
0.3316 1.4833 0.8
0.3937 1.5333 0.8
0.4988 1.7168 0.8
0.502 1.5451 0.8
0.5433 1.509 0.8
0.6208 1.568 0.8
0.6534 1.51 0.8
0.7093 1.5073 0.8
0.7749 1.5208 0.8
0.8223 1.4957 0.8
0.8895 1.5041 0.8
0.9146 1.4411 0.8
0.9936 1.462 0.8
1.0271 1.4137 0.8
1.0586 1.3648 0.8
1.088 1.3151 0.8
1.1556 1.3108 0.8
1.1823 1.2591 0.8
1.2499 1.2499 0.8
1.2739 1.1962 0.8
1.3561 1.1955 0.8
1.3775 1.1396 0.8
1.5221 1.1807 0.8
1.3809 1.0033 0.8
1.4786 1.0049 0.8
1.4754 0.9363 0.8
1.6244 0.9606 0.8
1.5666 0.8613 0.8
1.699 0.8657 0.8
1.7607 0.8285 0.8
1.8036 0.7805 0.8
1.9341 0.7658 0.8
2.0803 0.7489 0.8
2.2239 0.7226 0.8
2.2969 0.6673 0.8
2.351 0.6036 0.8
2.4876 0.5561 0.8
2.5375 0.484 0.8
2.6513 0.4199 0.8
2.5797 0.3259 0.8
2.6391 0.2495 0.8
2.6957 0.1696 0.8
2.7657 0.0869 0.8
2.7176 0.0 0.8
2.7657 0.0869 0.8
2.7616 0.1737 0.8
2.8034 0.265 0.8
2.7776 0.3509 0.8
2.7972 0.443 0.8
2.7501 0.5246 0.8
2.7004 0.6036 0.8
2.6959 0.6922 0.8
2.5938 0.7536 0.8
2.4568 0.7983 0.8
2.2672 0.8162 0.8
2.0728 0.8207 0.8
1.8742 0.8111 0.8
1.743 0.8202 0.8
1.7511 0.8922 0.8
1.7222 0.9468 0.8
1.6413 0.9706 0.8
1.7243 1.0943 0.8
1.7205 1.1693 0.8
1.6056 1.1665 0.8
1.7031 1.321 0.8
1.6607 1.3739 0.8
1.6028 1.413 0.8
1.5576 1.4627 0.8
1.5109 1.5109 0.8
1.5009 1.5983 0.8
1.5225 1.727 0.8
1.4211 1.7178 0.8
1.3664 1.7616 0.8
1.3426 1.8479 0.8
1.2941 1.9042 0.8
1.2044 1.8978 0.8
1.1903 2.0127 0.8
1.1437 2.0804 0.8
1.0939 2.147 0.8
1.041 2.2122 0.8
1.0259 2.3708 0.8
0.9447 2.386 0.8
0.898 2.4942 0.8
0.8347 2.5688 0.8
0.7856 2.7041 0.8
0.7083 2.7587 0.8
0.6387 2.8574 0.8
0.5545 2.907 0.8
0.4727 2.9845 0.8
0.3864 3.0589 0.8
0.2902 3.0695 0.8
0.1897 3.0158 0.8
0.0959 3.051 0.8
0.0 3.0372 0.8
