




-0.0156 -0.4963 0.18
-0.0156 -0.4963 0.18
-0.0156 -0.4963 0.18
-0.0156 -0.4963 0.18
-0.0388 -0.6165 0.32
-0.0698 -0.738 0.36
-0.0547 -0.4333 0.4
-0.0009 -0.0059 0.43
0.0742 0.3891 0.47
0.0864 0.3866 0.5
-0.0153 -0.0598 0.54
-0.1469 -0.5057 0.58
-0.2387 -0.7348 0.61
-0.2196 -0.6101 0.65
-0.1282 -0.3237 0.68
-0.0356 -0.0824 0.72
-0.0263 -0.0558 0.76
-0.1316 -0.2582 0.79
-0.1961 -0.3567 0.83
-0.2072 -0.3504 0.86
-0.1243 -0.1959 0.9
0.1639 0.2411 0.94
0.2481 0.3414 0.97
0.2109 0.2719 1.01
0.118 0.1426 1.04
0.1928 0.2187 1.08
0.2355 0.2508 1.12
0.2062 0.2062 1.15
0.4555 0.4277 1.19
0.45 0.3967 1.22
0.5386 0.4456 1.26
0.6863 0.5324 1.3
0.6248 0.454 1.33
0.816 0.5546 1.37
0.9112 0.5783 1.4
0.9289 0.5494 1.44
0.9256 0.5088 1.48
1.0828 0.5517 1.51
1.14 0.5364 1.55
1.0741 0.4648 1.58
1.233 0.4882 1.62
1.2888 0.464 1.66
1.1982 0.3893 1.69
1.2524 0.3638 1.73
1.3687 0.3514 1.76
1.5244 0.3408 1.8
1.3669 0.2607 1.84
1.417 0.2244 1.87
1.4234 0.1798 1.91
1.576 0.149 1.94
1.4958 0.0941 1.98
1.5192 0.0477 2.02
1.4988 0.0 2.05
1.7668 -0.0555 2.09
1.5799 -0.0994 2.12
1.5967 -0.1509 2.16
1.5912 -0.201 2.2
1.5841 -0.2509 2.23
1.6565 -0.316 2.27
1.6258 -0.3634 2.3
1.6926 -0.4346 2.34
1.5997 -0.4648 2.38
1.6233 -0.5274 2.41
1.5674 -0.5643 2.45
1.6435 -0.6507 2.48
1.6591 -0.718 2.52
1.5812 -0.744 2.56
1.575 -0.8025 2.59
1.5842 -0.8709 2.63
1.5732 -0.9304 2.66
1.56 -0.99 2.7
1.5282 -1.0385 2.74
1.4787 -1.0743 2.77
1.4756 -1.1446 2.81
1.5143 -1.2527 2.84
1.341 -1.1823 2.88
1.3469 -1.2648 2.92
1.178 -1.178 2.95
1.1121 -1.1843 2.99
1.0469 -1.1874 3.02
1.075 -1.2994 3.06
0.8925 -1.1506 3.1
0.9182 -1.2637 3.13
0.8185 -1.2043 3.17
0.7456 -1.1749 3.2
0.7083 -1.1977 3.24
0.6599 -1.2004 3.28
0.6513 -1.2783 3.31
0.5553 -1.18 3.35
0.5526 -1.2771 3.38
0.5281 -1.3339 3.42
0.5503 -1.5286 3.46
0.4827 -1.4856 3.49
0.4762 -1.6391 3.53
0.404 -1.5736 3.56
0.3589 -1.6057 3.6
0.3236 -1.6966 3.64
0.2574 -1.625 3.67
0.2114 -1.6731 3.71
0.1625 -1.7195 3.74
0.1033 -1.642 3.78
0.053 -1.6856 3.82
0.0 -1.6453 3.85
-0.0536 -1.706 3.89
-0.1046 -1.6626 3.92
-0.1548 -1.638 3.96
-0.219 -1.7337 4.0
-0.267 -1.6858 4.03
-0.3122 -1.6364 4.07
-0.3679 -1.6458 4.1
-0.4092 -1.5936 4.14
-0.4705 -1.6194 4.18
-0.5148 -1.5844 4.21
-0.5573 -1.548 4.25
-0.6057 -1.5298 4.28
-0.6287 -1.4528 4.32
-0.6829 -1.4512 4.36
-0.7281 -1.429 4.39
-0.7322 -1.3319 4.43
-0.8058 -1.3626 4.46
-0.837 -1.3189 4.5
-0.8424 -1.2396 4.54
-0.8306 -1.1433 4.57
-0.8262 -1.0651 4.61
-0.9282 -1.122 4.64
-0.9488 -1.0762 4.68
-0.7857 -0.8366 4.72
-0.7955 -0.7955 4.75
-0.77 -0.723 4.79
-0.8267 -0.7289 4.82
-0.7602 -0.6289 4.86
-0.7611 -0.5904 4.9
-0.7411 -0.5385 4.93
-0.9116 -0.6195 4.97
-0.7334 -0.4654 5.0
-0.6856 -0.4055 5.04
-0.7612 -0.4184 5.08
-0.7097 -0.3616 5.11
-0.6102 -0.2872 5.15
-0.6416 -0.2776 5.18
-0.5809 -0.23 5.22
-0.7722 -0.278 5.26
-0.6179 -0.2008 5.29
-0.576 -0.1674 5.33
-0.581 -0.1492 5.36
-0.6098 -0.1363 5.4
-0.6625 -0.1264 5.44
-0.5925 -0.0938 5.47
-0.5453 -0.0689 5.51
-0.5472 -0.0517 5.54
-0.6236 -0.0392 5.58
-0.6494 -0.0204 5.62
-0.7236 0.0 5.65
-0.6987 0.022 5.69
-0.7708 0.0485 5.72
-0.5972 0.0565 5.76
-0.6691 0.0845 5.8
-0.7628 0.1208 5.83
-0.6867 0.131 5.87
-0.5854 0.1309 5.9
-0.581 0.1492 5.94
-0.7649 0.2222 5.98
-0.6179 0.2008 6.01
-0.5644 0.2032 6.05
-0.763 0.3021 6.08
-0.7088 0.3067 6.12
-0.6768 0.3185 6.16
-0.6447 0.3285 6.19
-0.6126 0.3368 6.23
-0.7271 0.43 6.26
-0.7334 0.4654 6.3
-0.6788 0.4613 6.34
-0.6639 0.4824 6.37
-0.7611 0.5904 6.41
-0.7059 0.5839 6.44
-0.7049 0.6214 6.48
-0.5982 0.5618 6.52
-0.5973 0.5973 6.55
-0.6433 0.685 6.59
-0.5427 0.6156 6.62
-0.599 0.7241 6.66
-0.503 0.6485 6.7
-0.5245 0.722 6.73
-0.4748 0.6986 6.77
-0.4654 0.7334 6.8
-0.5494 0.9289 6.84
-0.542 0.9858 6.88
-0.4266 0.8373 6.91
-0.479 1.0179 6.95
-0.3918 0.9055 6.98
-0.3546 0.8956 7.02
-0.3263 0.9063 7.06
-0.3121 0.9605 7.09
-0.3202 1.1021 7.13
-0.2512 0.9782 7.16
-0.2254 1.0082 7.2
-0.1892 0.992 7.24
-0.1795 1.1336 7.27
-0.1523 1.2057 7.31
-0.0994 1.0515 7.34
-0.0706 1.1228 7.38
-0.0353 1.1244 7.42
0.0 1.1022 7.45
0.0353 1.1244 7.49
0.0706 1.1228 7.52
0.1016 1.0745 7.56
0.141 1.1161 7.6
0.1652 1.0432 7.63
0.2235 1.1717 7.67
0.2504 1.1201 7.7
0.2967 1.1554 7.74
0.2882 0.9921 7.78
0.3193 0.9826 7.81
0.3888 1.0798 7.85
0.4141 1.046 7.88
0.4377 1.0115 7.92
0.4399 0.9348 7.96
0.572 1.1226 7.99
0.5529 1.0057 8.03
0.561 0.9487 8.06
0.6028 0.9498 8.1
0.6831 1.0052 8.14
0.6612 0.9101 8.17
0.6895 0.8889 8.21
0.746 0.9018 8.24
0.8478 0.9617 8.28
0.8011 0.8531 8.32
0.8275 0.8275 8.35
0.8201 0.7701 8.39
1.0112 0.8915 8.42
0.9708 0.8031 8.46
0.9425 0.7311 8.5
1.0551 0.7666 8.53
1.1509 0.7822 8.57
1.1011 0.6988 8.6
1.0845 0.6413 8.64
1.1235 0.6176 8.68
1.1423 0.582 8.71
1.2981 0.6109 8.75
1.1969 0.5179 8.78
1.2736 0.5043 8.82
1.2477 0.4492 8.86
1.4656 0.4762 8.89
1.2945 0.3761 8.93
1.3896 0.3568 8.96
