0.1557 4.9535 0.0
0.5853 9.3023 0.0
1.1484 12.1491 0.0
1.5431 12.2152 0.0
1.7777 11.2242 0.0
2.2067 11.568 0.0
3.0415 13.607 0.0
3.9993 15.5761 0.0
4.2144 14.5059 0.0
3.9775 12.2416 0.0
3.2153 8.931 0.0
2.4413 6.1659 0.0
1.2843 2.9677 0.0
1.5313 3.2542 0.0
3.7185 7.298 0.0
5.0057 9.1053 0.0
5.4337 9.1879 0.0
5.6685 8.9322 0.0
6.0539 8.9081 0.0
7.4988 10.3212 0.0
9.0948 11.7249 0.0
9.0469 10.9358 0.0
8.6646 9.8281 0.0
7.3729 7.8514 0.0
5.0217 5.0217 0.0
3.0061 2.8229 0.0
3.3203 2.9272 0.0
6.6116 5.4696 0.0
9.0599 7.0276 0.0
9.5275 6.9221 0.0
8.8286 5.9999 0.0
9.2582 5.8754 0.0
10.2273 6.0484 0.0
11.6873 6.4251 0.0
12.2043 6.2184 0.0
12.9568 6.097 0.0
12.5706 5.4398 0.0
9.9248 3.9295 0.0
7.3527 2.6471 0.0
6.9526 2.259 0.0
10.0681 2.9251 0.0
13.0332 3.3464 0.0
