-0.0011 -0.0338 0.0
-0.0331 -0.5256 0.0
-0.0331 -0.5256 0.0
-0.0331 -0.5256 0.0
-0.0331 -0.5256 0.0
-0.0331 -0.5256 0.0
-0.0727 -0.7692 0.0
-0.0727 -0.7692 0.0
-0.0727 -0.7692 0.0
-0.0727 -0.7692 0.0
-0.0727 -0.7692 0.0
-0.0727 -0.7692 0.0
-0.0727 -0.7692 0.0
-0.089 -0.7046 0.0
-0.1063 -0.6709 0.0
-0.0221 -0.1158 0.0
-0.0759 -0.3398 0.0
-0.1921 -0.7483 0.0
-0.1921 -0.7483 0.0
-0.1921 -0.7483 0.0
-0.2155 -0.7419 0.0
-0.2155 -0.7419 0.0
-0.2155 -0.7419 0.0
-0.2155 -0.7419 0.0
-0.2291 -0.705 0.0
-0.2617 -0.7269 0.0
-0.0854 -0.2157 0.0
0.147 0.3397 0.0
0.1129 0.2399 0.0
-0.1581 -0.3102 0.0
-0.2976 -0.5413 0.0
-0.3458 -0.5846 0.0
-0.331 -0.5216 0.0
-0.1466 -0.2157 0.0
-0.0693 -0.0954 0.0
-0.2495 -0.3216 0.0
-0.2495 -0.3216 0.0
-0.2495 -0.3216 0.0
-0.2495 -0.3216 0.0
-0.2495 -0.3216 0.0
-0.2495 -0.3216 0.0
-0.2495 -0.3216 0.0
-0.2495 -0.3216 0.0
-0.2495 -0.3216 0.0
-0.2495 -0.3216 0.0
-0.2495 -0.3216 0.0
-0.2495 -0.3216 0.0
-0.2495 -0.3216 0.0
-0.2495 -0.3216 0.0
-0.2495 -0.3216 0.0
-0.2495 -0.3216 0.0
-0.2495 -0.3216 0.0
-0.2495 -0.3216 0.0
-0.2495 -0.3216 0.0
-0.2495 -0.3216 0.0
-0.2495 -0.3216 0.0
-0.4925 -0.5953 0.0
-0.4925 -0.5953 0.0
-0.4925 -0.5953 0.0
-0.4925 -0.5953 0.0
-0.4925 -0.5953 0.0
-0.4925 -0.5953 0.0
-0.4925 -0.5953 0.0
-0.4925 -0.5953 0.0
-0.4925 -0.5953 0.0
-0.4925 -0.5953 0.0
-0.4925 -0.5953 0.0
-0.4925 -0.5953 0.0
-0.4925 -0.5953 0.0
-0.4925 -0.5953 0.0
-0.4925 -0.5953 0.0
-0.4925 -0.5953 0.0
-0.4925 -0.5953 0.0
-0.4925 -0.5953 0.0
-0.4925 -0.5953 0.0
-0.4925 -0.5953 0.0
-0.4925 -0.5953 0.0
-0.4925 -0.5953 0.0
-0.4925 -0.5953 0.0
-0.4925 -0.5953 0.0
-0.4925 -0.5953 0.0
-0.4925 -0.5953 0.0
-0.4925 -0.5953 0.0
-0.4925 -0.5953 0.0
-0.4925 -0.5953 0.0
-0.4925 -0.5953 0.0
-0.4925 -0.5953 0.0
-0.4925 -0.5953 0.0
-0.4925 -0.5953 0.0
-0.4925 -0.5953 0.0
-0.4925 -0.5953 0.0
-0.4925 -0.5953 0.0
-0.4925 -0.5953 0.0
-0.4925 -0.5953 0.0
-0.4925 -0.5953 0.0
-0.4925 -0.5953 0.0
-0.4925 -0.5953 0.0
-0.4925 -0.5953 0.0
-0.4925 -0.5953 0.0
-0.4925 -0.5953 0.0
-0.4925 -0.5953 0.0
-0.4925 -0.5953 0.0
-0.4925 -0.5953 0.0
-0.4925 -0.5953 0.0
-0.4925 -0.5953 0.0
-0.4925 -0.5953 0.0
-0.4925 -0.5953 0.0
-0.4925 -0.5953 0.0
-0.4925 -0.5953 0.0
-0.4925 -0.5953 0.0
-0.4925 -0.5953 0.0
-0.4925 -0.5953 0.0
-0.4925 -0.5953 0.0
-0.4925 -0.5953 0.0
-0.4925 -0.5953 0.0
-0.4925 -0.5953 0.0
-0.4925 -0.5953 0.0
-0.4925 -0.5953 0.0
-0.4925 -0.5953 0.0
-0.4925 -0.5953 0.0
-0.4925 -0.5953 0.0
-0.4925 -0.5953 0.0
-0.4925 -0.5953 0.0
-0.4925 -0.5953 0.0
-0.4925 -0.5953 0.0
-0.4925 -0.5953 0.0
-0.4925 -0.5953 0.0
-0.4925 -0.5953 0.0
-0.4925 -0.5953 0.0
-0.4925 -0.5953 0.0
-0.4925 -0.5953 0.0
-0.4925 -0.5953 0.0
-0.4925 -0.5953 0.0
-0.4925 -0.5953 0.0
-0.4925 -0.5953 0.0
-0.5109 -0.5795 0.0
-0.5109 -0.5795 0.0
-0.5109 -0.5795 0.0
-0.4439 -0.4727 0.0
-0.3937 -0.3937 0.0
0.0758 0.0712 0.0
0.2187 0.1928 0.0
-0.1566 -0.1296 0.0
-0.1566 -0.1296 0.0
-0.1566 -0.1296 0.0
-0.1566 -0.1296 0.0
-0.1566 -0.1296 0.0
-0.1566 -0.1296 0.0
-0.1566 -0.1296 0.0
-0.1566 -0.1296 0.0
-0.1566 -0.1296 0.0
-0.1566 -0.1296 0.0
-0.1566 -0.1296 0.0
-0.6105 -0.4735 0.0
-0.6105 -0.4735 0.0
-0.6105 -0.4735 0.0
-0.6105 -0.4735 0.0
-0.6105 -0.4735 0.0
-0.6105 -0.4735 0.0
-0.6105 -0.4735 0.0
-0.6105 -0.4735 0.0
-0.6105 -0.4735 0.0
-0.6105 -0.4735 0.0
-0.6105 -0.4735 0.0
-0.6105 -0.4735 0.0
-0.6105 -0.4735 0.0
-0.6105 -0.4735 0.0
-0.6105 -0.4735 0.0
-0.6105 -0.4735 0.0
-0.6105 -0.4735 0.0
-0.6105 -0.4735 0.0
-0.6105 -0.4735 0.0
-0.6105 -0.4735 0.0
-0.6105 -0.4735 0.0
-0.6105 -0.4735 0.0
-0.6105 -0.4735 0.0
-0.6105 -0.4735 0.0
-0.6105 -0.4735 0.0
-0.6105 -0.4735 0.0
-0.6105 -0.4735 0.0
-0.6105 -0.4735 0.0
-0.6105 -0.4735 0.0
-0.6105 -0.4735 0.0
-0.6105 -0.4735 0.0
-0.6105 -0.4735 0.0
-0.6105 -0.4735 0.0
-0.6105 -0.4735 0.0
-0.6105 -0.4735 0.0
-0.6105 -0.4735 0.0
-0.6105 -0.4735 0.0
-0.6105 -0.4735 0.0
-0.6105 -0.4735 0.0
-0.6105 -0.4735 0.0
-0.6105 -0.4735 0.0
-0.6105 -0.4735 0.0
-0.6105 -0.4735 0.0
-0.6105 -0.4735 0.0
-0.6105 -0.4735 0.0
-0.6105 -0.4735 0.0
-0.6105 -0.4735 0.0
-0.6105 -0.4735 0.0
-0.6105 -0.4735 0.0
-0.6105 -0.4735 0.0
-0.6105 -0.4735 0.0
-0.6105 -0.4735 0.0
-0.6105 -0.4735 0.0
-0.6105 -0.4735 0.0
-0.6105 -0.4735 0.0
-0.6105 -0.4735 0.0
-0.6105 -0.4735 0.0
-0.6105 -0.4735 0.0
-0.6105 -0.4735 0.0
-0.6105 -0.4735 0.0
-0.6105 -0.4735 0.0
-0.6105 -0.4735 0.0
-0.6105 -0.4735 0.0
-0.6105 -0.4735 0.0
-0.6105 -0.4735 0.0
-0.6105 -0.4735 0.0
-0.6105 -0.4735 0.0
-0.6105 -0.4735 0.0
-0.6105 -0.4735 0.0
-0.6105 -0.4735 0.0
-0.6105 -0.4735 0.0
-0.6105 -0.4735 0.0
-0.6105 -0.4735 0.0
-0.6105 -0.4735 0.0
-0.6105 -0.4735 0.0
-0.6105 -0.4735 0.0
-0.6105 -0.4735 0.0
-0.6105 -0.4735 0.0
-0.6105 -0.4735 0.0
-0.6105 -0.4735 0.0
-0.6105 -0.4735 0.0
-0.5495 -0.3992 0.04
-0.5495 -0.3992 0.04
-0.5495 -0.3992 0.04
-0.5495 -0.3992 0.04
-0.5495 -0.3992 0.04
-0.5495 -0.3992 0.04
-0.5495 -0.3992 0.04
-0.5495 -0.3992 0.04
-0.5495 -0.3992 0.04
-0.5495 -0.3992 0.04
-0.5495 -0.3992 0.04
-0.5495 -0.3992 0.04
-0.5495 -0.3992 0.04
-0.5495 -0.3992 0.04
-0.5495 -0.3992 0.04
-0.5495 -0.3992 0.04
-0.5495 -0.3992 0.04
-0.5495 -0.3992 0.04
-0.5495 -0.3992 0.04
-0.5495 -0.3992 0.04
-0.5495 -0.3992 0.04
-0.5495 -0.3992 0.04
-0.5495 -0.3992 0.04
-0.5495 -0.3992 0.04
-0.5495 -0.3992 0.04
-0.5495 -0.3992 0.04
-0.5495 -0.3992 0.04
-0.5495 -0.3992 0.04
-0.5495 -0.3992 0.04
-0.5495 -0.3992 0.04
-0.5495 -0.3992 0.04
-0.5495 -0.3992 0.04
-0.5495 -0.3992 0.04
-0.5495 -0.3992 0.04
-0.5495 -0.3992 0.04
-0.5495 -0.3992 0.04
-0.5495 -0.3992 0.04
-0.5495 -0.3992 0.04
-0.6131 -0.4167 0.04
-0.4701 -0.2984 0.04
-0.1015 -0.06 0.04
-0.4088 -0.2248 0.04
-0.6884 -0.3508 0.04
-0.6884 -0.3508 0.04
-0.5589 -0.263 0.04
-0.5589 -0.263 0.04
-0.5589 -0.263 0.04
-0.5589 -0.263 0.04
-0.5589 -0.263 0.04
-0.5589 -0.263 0.04
-0.5589 -0.263 0.04
-0.5589 -0.263 0.04
-0.5589 -0.263 0.04
-0.5589 -0.263 0.04
-0.5589 -0.263 0.04
-0.5589 -0.263 0.04
-0.5589 -0.263 0.04
-0.5589 -0.263 0.04
-0.5589 -0.263 0.04
-0.5589 -0.263 0.04
-0.5589 -0.263 0.04
-0.5589 -0.263 0.04
-0.5589 -0.263 0.04
-0.5951 -0.2575 0.04
-0.4338 -0.1717 0.04
0.2743 0.0988 0.04
0.5942 0.1931 0.04
-0.3909 -0.1136 0.04
-0.7483 -0.1921 0.04
-0.7483 -0.1921 0.04
-0.7483 -0.1921 0.04
-0.7483 -0.1921 0.04
-0.6629 -0.1482 0.04
-0.7282 -0.1389 0.04
-0.3729 -0.0591 0.04
0.1569 0.0198 0.04
-0.1456 -0.0138 0.04
-0.1456 -0.0138 0.04
-0.7399 -0.0465 0.04
-0.7099 -0.0223 0.04
-0.7099 -0.0223 0.04
-0.7413 0.0 0.04
-0.6789 0.0213 0.04
0.0217 -0.0014 0.04
0.6714 -0.0635 0.04
0.1301 -0.0164 0.04
-0.55 0.0871 0.04
-0.7589 0.1448 0.04
-0.6629 0.1482 0.04
-0.51 0.131 0.04
-0.1132 0.0329 0.04
0.0468 -0.0152 0.04
-0.3276 0.1179 0.04
-0.6893 0.2729 0.04
-0.6518 0.2821 0.04
-0.3952 0.186 0.04
-0.2067 0.1053 0.04
0.3924 -0.2157 0.04
0.2282 -0.135 0.04
0.0647 -0.0411 0.04
-0.3859 0.2622 0.04
-0.4017 0.2918 0.04
-0.4161 0.3228 0.04
-0.1346 0.1113 0.04
-0.2392 0.2109 0.04
-0.1901 0.1785 0.04
-0.3724 0.3724 0.04
-0.402 0.4281 0.04
-0.2888 0.3276 0.04
-0.1113 0.1346 0.04
-0.1246 0.1606 0.04
-0.086 0.1183 0.04
-0.2791 0.4106 0.04
-0.3146 0.4958 0.04
-0.2989 0.5054 0.04
-0.2976 0.5413 0.04
-0.2118 0.4157 0.04
-0.0382 0.0812 0.04
-0.0694 0.1603 0.04
-0.1174 0.2965 0.04
-0.1479 0.4109 0.04
-0.1258 0.3871 0.04
-0.089 0.3062 0.04
0.046 -0.1793 0.04
0.1144 -0.5117 0.04
0.0596 -0.3123 0.04
-0.0229 0.1444 0.04
-0.0622 0.4926 0.04
-0.0383 0.4053 0.04
-0.0182 0.2892 0.04
-0.0064 0.2032 0.04
0.0 -0.1311 0.04
0.0037 0.1179 0.04
0.0274 0.4359 0.04
0.0273 0.2885 0.04
0.0007 0.0059 0.04
0.0009 0.0059 0.04
-0.0246 -0.1288 0.04
-0.0404 -0.1806 0.04
0.0505 0.1969 0.04
0.0971 0.3343 0.04
0.1627 0.5008 0.04
0.1886 0.5239 0.04
0.1067 0.2694 0.04
0.0356 0.0824 0.04
0.1733 0.3683 0.04
0.2666 0.5232 0.04
0.1819 0.3308 0.04
0.2072 0.3504 0.04
0.0784 0.1235 0.04
0.0034 0.0049 0.04
-0.1402 -0.193 0.04
0.0723 0.0932 0.04
0.2033 0.2457 0.04
0.2497 0.2832 0.04
0.299 0.3184 0.04
0.3088 0.3088 0.04
0.1066 0.1001 0.04
0.0885 0.078 0.04
0.3826 0.3165 0.04
0.5858 0.4544 0.04
0.4505 0.3273 0.04
0.5109 0.3472 0.04
0.4446 0.2822 0.04
0.1997 0.1181 0.04
0.488 0.2683 0.04
0.6605 0.3366 0.07
0.5313 0.25 0.07
0.6234 0.2698 0.07
0.4896 0.1939 0.07
0.1376 0.0495 0.07
-0.0729 -0.0237 0.07
-0.1519 -0.0441 0.07
-0.021 -0.0054 0.07
-0.128 -0.0286 0.07
-0.3123 -0.0596 0.07
-0.5925 -0.0938 0.07
-0.6446 -0.0814 0.07
-0.817 -0.0772 0.07
-0.5737 -0.0361 0.07
-0.4732 -0.0149 0.07
-0.5748 0.0 0.07
-0.6987 0.022 0.07
-0.7222 0.0454 0.07
-0.7204 0.0681 0.07
-0.7421 0.0938 0.07
-0.6417 0.1016 0.07
-0.7587 0.1447 0.07
-0.8709 0.1947 0.07
-0.8413 0.216 0.07
-0.7881 0.229 0.07
-0.8261 0.2684 0.07
-0.5408 0.1947 0.07
-0.1721 0.0681 0.07
0.0566 -0.0245 0.07
0.1067 -0.0502 0.07
0.08 -0.0407 0.07
0.0296 -0.0163 0.07
0.1015 -0.06 0.07
0.294 -0.1865 0.07
0.4106 -0.2791 0.07
0.3533 -0.2567 0.07
0.2751 -0.2134 0.07
-0.101 0.0836 0.07
-0.3742 0.3299 0.07
-0.1545 0.145 0.07
0.1235 -0.1235 0.07
0.2787 -0.2967 0.07
0.1155 -0.131 0.07
0.2033 -0.2457 0.07
-0.0302 0.0389 0.07
-0.2481 0.3414 0.07
-0.1191 0.1752 0.07
0.0032 -0.005 0.07
0.0744 -0.1259 0.07
0.0029 -0.0052 0.07
-0.1083 0.2126 0.07
-0.2124 0.4514 0.07
-0.1262 0.2917 0.07
-0.0181 0.0458 0.07
0.0304 -0.0844 0.07
0.135 -0.4154 0.07
0.0971 -0.3343 0.07
0.0434 -0.1692 0.07
-0.0107 0.0481 0.07
0.0168 -0.0882 0.07
0.0871 -0.55 0.07
0.0585 -0.4629 0.07
0.0411 -0.4348 0.07
0.02 -0.3183 0.07
-0.0041 0.131 0.07
0.0 0.3179 0.07
0.0041 0.131 0.07
-0.0237 -0.3768 0.07
-0.061 -0.6455 0.07
-0.0851 -0.6739 0.07
-0.0919 -0.58 0.07
-0.0598 -0.3133 0.07
-0.0569 -0.2545 0.07
-0.131 -0.51 0.07
-0.1981 -0.682 0.07
-0.1815 -0.5585 0.07
-0.158 -0.439 0.07
-0.0643 -0.1624 0.07
0.1158 0.2676 0.07
0.0326 0.0694 0.07
-0.0535 -0.1051 0.07
-0.2104 -0.3827 0.07
-0.2989 -0.5054 0.07
-0.331 -0.5216 0.07
-0.2288 -0.3367 0.07
-0.0693 -0.0954 0.07
-0.3786 -0.4881 0.07
-0.4925 -0.5953 0.07
-0.4925 -0.5953 0.07
-0.4288 -0.4864 0.07
-0.465 -0.4951 0.07
-0.164 -0.164 0.07
0.1545 0.145 0.07
0.0575 0.0507 0.07
-0.3595 -0.2974 0.07
-0.3595 -0.2974 0.07
-0.3595 -0.2974 0.07
-0.5612 -0.4353 0.07
-0.5612 -0.4353 0.07
-0.5612 -0.4353 0.07
-0.5612 -0.4353 0.07
-0.5612 -0.4353 0.07
-0.5612 -0.4353 0.07
-0.5612 -0.4353 0.07
-0.5612 -0.4353 0.07
-0.5612 -0.4353 0.07
-0.5612 -0.4353 0.07
-0.5612 -0.4353 0.07
-0.5612 -0.4353 0.07
-0.5612 -0.4353 0.07
-0.5612 -0.4353 0.07
-0.5612 -0.4353 0.07
-0.5612 -0.4353 0.07
-0.5612 -0.4353 0.07
-0.5612 -0.4353 0.07
-0.5612 -0.4353 0.07
-0.5612 -0.4353 0.07
-0.5612 -0.4353 0.07
-0.5612 -0.4353 0.07
-0.5612 -0.4353 0.07
-0.5612 -0.4353 0.07
-0.5612 -0.4353 0.07
-0.5612 -0.4353 0.07
-0.5612 -0.4353 0.07
-0.5612 -0.4353 0.07
-0.5612 -0.4353 0.07
-0.5612 -0.4353 0.07
-0.5612 -0.4353 0.07
-0.5612 -0.4353 0.07
-0.5612 -0.4353 0.07
-0.5612 -0.4353 0.07
-0.5612 -0.4353 0.07
-0.5612 -0.4353 0.07
-0.5612 -0.4353 0.07
-0.5612 -0.4353 0.07
-0.5612 -0.4353 0.07
-0.5746 -0.4174 0.07
-0.5746 -0.4174 0.07
-0.5746 -0.4174 0.07
-0.5746 -0.4174 0.07
-0.5746 -0.4174 0.07
-0.5746 -0.4174 0.07
-0.5746 -0.4174 0.07
-0.5746 -0.4174 0.07
-0.5746 -0.4174 0.07
-0.5109 -0.3472 0.07
-0.5735 -0.364 0.07
-0.1259 -0.0744 0.07
-0.5413 -0.2976 0.07
-0.5413 -0.2976 0.07
-0.5413 -0.2976 0.07
-0.5413 -0.2976 0.07
-0.5413 -0.2976 0.07
-0.5413 -0.2976 0.07
-0.5413 -0.2976 0.07
-0.5413 -0.2976 0.07
-0.5413 -0.2976 0.07
-0.5413 -0.2976 0.07
-0.5413 -0.2976 0.07
-0.5413 -0.2976 0.07
-0.6884 -0.3508 0.07
-0.6884 -0.3508 0.07
-0.6884 -0.3508 0.07
-0.6884 -0.3508 0.07
-0.6884 -0.3508 0.07
-0.6884 -0.3508 0.07
-0.6884 -0.3508 0.07
-0.6426 -0.3024 0.07
-0.6426 -0.3024 0.07
-0.6426 -0.3024 0.07
-0.6426 -0.3024 0.07
-0.6426 -0.3024 0.07
-0.6426 -0.3024 0.07
-0.6426 -0.3024 0.07
-0.6426 -0.3024 0.07
-0.6426 -0.3024 0.07
-0.6426 -0.3024 0.07
-0.6426 -0.3024 0.07
-0.5389 -0.2332 0.07
-0.3785 -0.1499 0.07
0.1741 0.0627 0.07
0.4258 0.1384 0.07
-0.2228 -0.0647 0.07
-0.5688 -0.146 0.07
-0.5688 -0.146 0.07
-0.5688 -0.146 0.07
-0.6931 -0.1549 0.07
-0.6369 -0.1215 0.07
-0.2291 -0.0363 0.07
0.0488 0.0062 0.07
-0.1174 -0.0111 0.07
-0.3768 -0.0237 0.07
-0.7099 -0.0223 0.07
-0.6792 0.0 0.07
-0.6174 0.0194 0.07
0.0217 -0.0014 0.07
0.5472 -0.0517 0.07
0.1301 -0.0164 0.07
-0.4904 0.0777 0.07
-0.6068 0.1158 0.07
-0.5731 0.1281 0.11
-0.4809 0.1235 0.11
-0.3343 0.0971 0.11
-0.1661 0.054 0.11
-0.2727 0.0982 0.11
-0.5177 0.205 0.11
-0.4833 0.2091 0.11
-0.3683 0.1733 0.11
-0.1556 0.0793 0.11
0.3698 -0.2033 0.11
0.2053 -0.1214 0.11
-0.0285 0.0181 0.11
-0.1919 0.1304 0.11
-0.211 0.1533 0.11
-0.2061 0.1599 0.11
-0.201 0.1662 0.11
-0.174 0.1534 0.11
-0.1691 0.1588 0.11
-0.3088 0.3088 0.11
-0.2787 0.2967 0.11
-0.1725 0.1956 0.11
-0.1113 0.1346 0.11
-0.0723 0.0932 0.11
0.0128 -0.0176 0.11
-0.1629 0.2397 0.11
-0.1553 0.2447 0.11
-0.1623 0.2745 0.11
-0.1117 0.2033 0.11
-0.1184 0.2324 0.11
-0.0865 0.1839 0.11
-0.0694 0.1603 0.11
-0.0854 0.2157 0.11
-0.1479 0.4109 0.11
-0.1167 0.3591 0.11
-0.0408 0.1404 0.11
0.0326 -0.127 0.11
0.0977 -0.437 0.11
0.0347 -0.1818 0.11
-0.0273 0.1725 0.11
-0.04 0.3164 0.11
-0.0245 0.2597 0.11
-0.011 0.1743 0.11
-0.0028 0.0897 0.11
0.0 -0.1311 0.11
0.0028 0.0897 0.11
0.02 0.3183 0.11
0.0245 0.2597 0.11
0.0255 0.2017 0.11
0.0097 0.0609 0.11
-0.0296 -0.1554 0.11
-0.0167 -0.0748 0.11
0.0434 0.1692 0.11
0.0971 0.3343 0.11
0.1076 0.3311 0.11
0.1379 0.383 0.11
-0.0282 -0.0713 0.11
0.0581 0.1342 0.11
0.1733 0.3683 0.11
0.2391 0.4692 0.11
0.2537 0.4615 0.11
0.1922 0.325 0.11
0.0784 0.1235 0.11
0.0034 0.0049 0.11
-0.0771 -0.1061 0.11
-0.0637 -0.0821 0.11
0.0752 0.0909 0.11
0.1916 0.2174 0.11
0.1785 0.1901 0.11
0.1844 0.1844 0.11
0.086 0.0807 0.11
0.1525 0.1344 0.11
0.3595 0.2974 0.11
0.44 0.3413 0.11
0.4017 0.2918 0.11
0.3859 0.2622 0.11
0.1959 0.1243 0.11
0.2745 0.1623 0.11
0.3567 0.1961 0.11
0.6052 0.3084 0.11
0.5867 0.2761 0.11
0.6518 0.2821 0.11
0.4061 0.1608 0.11
0.2727 0.0982 0.11
0.0853 0.0277 0.11
-0.1259 -0.0366 0.11
-0.2052 -0.0527 0.11
-0.1806 -0.0404 0.11
-0.2864 -0.0546 0.11
-0.4676 -0.0741 0.11
-0.6199 -0.0783 0.11
-0.793 -0.075 0.11
-0.6236 -0.0392 0.11
-0.4732 -0.0149 0.11
-0.422 0.0 0.11
-0.5241 0.0165 0.11
-0.6236 0.0392 0.11
-0.6714 0.0635 0.11
-0.7421 0.0938 0.11
-0.7628 0.1208 0.11
-0.8061 0.1538 0.11
-0.7062 0.1578 0.11
-0.7481 0.1921 0.11
-0.8341 0.2423 0.11
-0.8033 0.261 0.11
-0.4213 0.1517 0.11
-0.1471 0.0582 0.11
0.0824 -0.0356 0.11
0.1581 -0.0744 0.11
