






0.0133 0.4218 0.25
0.0329 0.5233 0.25
0.0324 0.3426 0.25
0.0299 0.2367 0.25
0.0299 0.2367 0.25
0.0299 0.2367 0.25
0.0373 0.2356 0.32
0.0447 0.2343 0.32
0.0447 0.2343 0.32
0.0864 0.3866 0.36
0.0725 0.2824 0.36
0.1321 0.4546 0.36
0.1144 0.3521 0.36
0.169 0.4694 0.36
0.117 0.2956 0.36
0.1262 0.2917 0.36
0.0902 0.1917 0.36
0.1443 0.2832 0.36
0.1405 0.2555 0.36
0.1405 0.2555 0.36
0.135 0.2282 0.4
0.1421 0.2239 0.4
0.2804 0.4126 0.4
0.1868 0.2572 0.4
0.1787 0.2304 0.4
0.2193 0.2651 0.4
0.2791 0.3166 0.4
0.2355 0.2508 0.4
0.2618 0.2618 0.4
0.3451 0.3241 0.4
0.2385 0.2102 0.4
0.345 0.2854 0.4
0.2925 0.2269 0.4
0.3205 0.2329 0.4
0.2629 0.1787 0.4
0.3563 0.2261 0.4
0.251 0.1484 0.4
0.2555 0.1405 0.4
0.353 0.1799 0.4
0.2876 0.1354 0.4
0.3636 0.1573 0.4
0.3683 0.1458 0.4
0.4454 0.1604 0.4
0.3521 0.1144 0.4
0.3555 0.1033 0.4
0.2052 0.0527 0.4
0.3358 0.0751 0.4
0.3891 0.0742 0.4
0.314 0.0497 0.4
0.3414 0.0431 0.4
0.3685 0.0348 0.4
0.3685 0.0348 0.4
0.2646 0.0166 0.43
0.396 0.0124 0.43
0.4989 0.0 0.43
0.5493 -0.0173 0.43
0.4979 -0.0313 0.43
0.4201 -0.0397 0.43
0.5453 -0.0689 0.43
0.3656 -0.0579 0.43
0.4145 -0.0791 0.43
0.3102 -0.0693 0.43
0.3837 -0.0985 0.43
0.3304 -0.096 0.43
0.4502 -0.1463 0.43
0.4454 -0.1604 0.43
0.3199 -0.1267 0.43
0.4579 -0.1981 0.43
0.6988 -0.3288 0.43
0.4445 -0.2265 0.43
0.5257 -0.289 0.43
0.4075 -0.241 0.43
0.5485 -0.3481 0.43
0.4336 -0.2947 0.43
0.4446 -0.3231 0.43
0.4143 -0.3214 0.43
0.3844 -0.318 0.43
0.3166 -0.2791 0.43
0.3637 -0.3415 0.43
0.3886 -0.3886 0.43
0.4617 -0.4916 0.43
0.4785 -0.5428 0.43
0.4141 -0.5006 0.43
0.383 -0.4937 0.43
0.3082 -0.4242 0.43
0.2804 -0.4126 0.43
0.2809 -0.4427 0.43
0.2926 -0.4947 0.43
0.3368 -0.6126 0.43
0.1916 -0.376 0.43
0.1687 -0.3585 0.43
0.2283 -0.5275 0.43
0.193 -0.4875 0.43
0.1604 -0.4454 0.43
0.162 -0.4987 0.43
0.1533 -0.5278 0.43
0.1177 -0.4585 0.43
0.1254 -0.5609 0.43
0.0935 -0.4901 0.43
0.078 -0.4928 0.43
0.0845 -0.6691 0.43
0.0493 -0.522 0.43
0.0377 -0.5987 0.43
0.0157 -0.4987 0.43
0.0 -0.4989 0.43
-0.0196 -0.6245 0.43
-0.0361 -0.5737 0.43
-0.0611 -0.6468 0.43
-0.0845 -0.6691 0.43
-0.1208 -0.7628 0.43
-0.131 -0.6867 0.43
-0.1417 -0.634 0.43
-0.1554 -0.6052 0.43
-0.1533 -0.5278 0.43
-0.1931 -0.5942 0.43
-0.2201 -0.6113 0.43
-0.3546 -0.8956 0.43
-0.3355 -0.7752 0.43
-0.2766 -0.5878 0.43
-0.3285 -0.6447 0.43
-0.3837 -0.698 0.43
-0.3683 -0.6228 0.43
-0.4268 -0.6726 0.43
-0.4882 -0.7184 0.43
-0.4824 -0.6639 0.43
-0.4134 -0.5329 0.43
-0.4299 -0.5197 0.43
-0.4785 -0.5428 0.43
-0.4953 -0.5275 0.43
-0.4594 -0.4594 0.43
-0.4555 -0.4277 0.43
-0.4873 -0.4296 0.43
-0.6138 -0.5077 0.43
-0.7051 -0.547 0.43
-0.7027 -0.5105 0.43
-0.7184 -0.4882 0.43
-0.7334 -0.4654 0.43
-0.7885 -0.4663 0.43
-0.7612 -0.4184 0.43
-0.7312 -0.3726 0.43
-0.8927 -0.4201 0.43
-0.9482 -0.4103 0.43
-0.7854 -0.311 0.43
-0.7038 -0.2534 0.43
-0.7805 -0.2536 0.43
-0.7881 -0.229 0.43
-0.7949 -0.2041 0.43
-0.73 -0.1632 0.43
-0.8297 -0.1583 0.43
-0.7147 -0.1132 0.43
-0.7179 -0.0907 0.43
-0.817 -0.0772 0.43
-1.0311 -0.0649 0.43
-0.7477 -0.0235 0.43
-0.748 0.0 0.43
-1.0326 0.0325 0.43
-0.8906 0.056 0.43
-1.0054 0.095 0.43
-1.0479 0.1324 0.43
-1.066 0.1688 0.43
-1.1717 0.2235 0.43
-1.0532 0.2354 0.43
-1.1336 0.291 0.43
-1.1455 0.3328 0.43
-1.0482 0.3406 0.43
-1.037 0.3733 0.43
-1.0671 0.4225 0.43
-0.9694 0.4195 0.43
-0.9765 0.4595 0.43
-1.0024 0.5107 0.43
-1.065 0.5855 0.43
-1.0653 0.63 0.43
-1.1749 0.7456 0.43
-1.0968 0.7454 0.43
-0.9101 0.6612 0.43
-0.9069 0.7034 0.43
-0.7422 0.614 0.43
-0.6156 0.5427 0.43
-0.563 0.5287 0.43
-0.5289 0.5289 0.43
-0.5618 0.5982 0.43
-0.3801 0.4312 0.43
-0.4141 0.5006 0.43
-0.3058 0.3942 0.43
-0.2933 0.4036 0.43
-0.2947 0.4336 0.43
-0.3614 0.5694 0.43
-0.3181 0.5378 0.43
-0.3486 0.6341 0.43
-0.3062 0.6009 0.43
-0.2124 0.4514 0.43
-0.258 0.5962 0.43
-0.2023 0.511 0.43
-0.2201 0.6113 0.47
-0.1698 0.5227 0.47
-0.195 0.6713 0.47
-0.1739 0.6771 0.47
-0.1685 0.7537 0.47
-0.1538 0.8061 0.47
-0.1284 0.8106 0.47
-0.1089 0.8617 0.47
-0.075 0.793 0.47
-0.053 0.843 0.47
-0.0273 0.8682 0.47
0.0 0.748 0.47
0.0212 0.6741 0.47
0.0392 0.6236 0.47
0.0611 0.6468 0.47
0.0907 0.7179 0.47
0.0899 0.5677 0.47
0.0982 0.515 0.47
0.1033 0.462 0.47
0.1554 0.6052 0.47
0.1463 0.5035 0.47
0.1698 0.5227 0.47
0.1947 0.5408 0.47
0.2116 0.5344 0.47
0.1981 0.4579 0.47
0.2124 0.4514 0.47
0.2837 0.5567 0.47
0.2033 0.3698 0.47
0.1752 0.2962 0.47
0.2123 0.3345 0.47
0.2372 0.349 0.47
0.3082 0.4242 0.47
0.2269 0.2925 0.47
0.3018 0.3648 0.47
0.2791 0.3166 0.47
0.3241 0.3451 0.47
0.2984 0.2984 0.47
0.2317 0.2176 0.47
0.2385 0.2102 0.47
0.3252 0.269 0.47
