0.0353 1.1244 0.0
0.0749 1.1905 0.0
0.1144 1.2099 0.0
0.1551 1.2279 0.0
0.1831 1.1559 0.0
0.2277 1.1938 0.0
0.2988 1.3368 0.0
0.2798 1.0896 0.0
0.3391 1.167 0.0
0.3686 1.1345 0.0
0.3733 1.037 0.0
0.4882 1.233 0.0
0.5004 1.1563 0.0
0.5364 1.14 0.0
0.5415 1.0628 0.0
0.6176 1.1235 0.0
0.63 1.0653 0.0
0.687 1.0825 0.0
0.733 1.0786 0.0
0.7406 1.0193 0.0
0.8128 1.0478 0.0
0.8593 1.0387 0.0
0.9059 1.0275 0.0
0.9078 0.9667 0.0
1.0145 1.0145 0.0
0.9985 0.9377 0.0
1.0762 0.9488 0.0
1.0722 0.887 0.0
1.0824 0.8396 0.0
1.178 0.8559 0.0
1.222 0.8305 0.0
1.2113 0.7687 0.0
1.1414 0.675 0.0
1.1428 0.6283 0.0
1.162 0.5921 0.0
1.2981 0.6109 0.0
1.1766 0.5092 0.0
1.2533 0.4962 0.0
1.2683 0.4566 0.0
1.2403 0.403 0.0
1.5201 0.4416 0.0
1.4926 0.3832 0.0
1.4627 0.3269 0.0
1.4513 0.2769 0.0
1.6656 0.2638 0.0
1.5705 0.1984 0.0
1.5132 0.143 0.0
1.6007 0.1007 0.0
1.5613 0.0491 0.0
1.7068 0.0 0.0
1.6651 -0.0523 0.0
1.6831 -0.1059 0.0
1.8983 -0.1794 0.0
1.7337 -0.219 0.0
1.726 -0.2734 0.0
1.6162 -0.3083 0.0
1.6856 -0.3768 0.0
1.5535 -0.3989 0.0
1.6975 -0.4932 0.0
1.6233 -0.5274 0.0
1.5286 -0.5503 0.0
1.5298 -0.6057 0.0
1.5289 -0.6616 0.0
1.4512 -0.6829 0.0
1.4105 -0.7187 0.0
1.5313 -0.8419 0.0
1.3626 -0.8058 0.0
1.4239 -0.9036 0.0
1.5445 -1.0497 0.0
1.3643 -0.9912 0.0
1.2837 -0.9957 0.0
1.2836 -1.0619 0.0
1.2496 -1.1017 0.0
1.3032 -1.2238 0.0
1.1341 -1.1341 0.0
1.1404 -1.2144 0.0
1.1017 -1.2496 0.0
1.075 -1.2994 0.0
0.9957 -1.2837 0.0
0.9549 -1.3143 0.0
0.9479 -1.3948 0.0
0.837 -1.3189 0.0
0.8375 -1.4162 0.0
0.8516 -1.549 0.0
0.7092 -1.3918 0.0
0.6472 -1.3753 0.0
0.6534 -1.51 0.0
0.575 -1.4524 0.0
0.5851 -1.6251 0.0
0.4697 -1.4456 0.0
0.4062 -1.3983 0.0
0.3461 -1.3478 0.0
0.2988 -1.3368 0.0
0.2607 -1.3669 0.0
0.2444 -1.5428 0.0
0.1771 -1.402 0.0
0.1269 -1.342 0.0
0.0819 -1.3016 0.0
0.0457 -1.4554 0.0
0.0 -1.3041 0.0
-0.041 -1.3035 0.0
-0.0846 -1.3453 0.0
-0.1144 -1.2099 0.0
-0.1579 -1.25 0.0
-0.1901 -1.2003 0.0
-0.2526 -1.3241 0.0
-0.2651 -1.186 0.0
-0.3022 -1.1771 0.0
-0.37 -1.2735 0.0
-0.3755 -1.1558 0.0
-0.4418 -1.227 0.0
-0.5281 -1.3339 0.0
-0.5783 -1.3364 0.0
-0.5646 -1.1999 0.0
-0.6996 -1.3731 0.0
-0.6389 -1.1621 0.0
-0.6639 -1.1225 0.0
-0.7687 -1.2113 0.0
-0.6957 -1.0236 0.0
-0.8433 -1.1607 0.0
-0.8529 -1.0995 0.0
-0.8453 -1.0218 0.0
-0.9911 -1.1242 0.0
-0.9078 -0.9667 0.0
-0.9222 -0.9222 0.0
-0.9184 -0.8625 0.0
-0.8948 -0.7889 0.0
-0.9878 -0.8172 0.0
-0.9425 -0.7311 0.0
-0.8917 -0.6478 0.0
-0.8926 -0.6066 0.0
-0.9498 -0.6028 0.0
-1.1603 -0.6862 0.0
-0.9457 -0.5199 0.0
-0.8998 -0.4585 0.0
-0.8715 -0.4101 0.0
-0.9694 -0.4195 0.0
-0.9606 -0.3803 0.0
-0.9938 -0.3578 0.0
-0.9826 -0.3193 0.0
-1.0803 -0.3139 0.0
-1.0007 -0.2569 0.0
-1.1641 -0.2602 0.0
-1.1274 -0.2151 0.0
-0.9745 -0.1543 0.0
-1.0479 -0.1324 0.0
-1.1651 -0.1101 0.0
-1.2352 -0.0777 0.0
-1.1697 -0.0368 0.0
-1.3261 0.0 0.0
-1.0326 0.0325 0.0
-1.168 0.0735 0.0
-1.0515 0.0994 0.0
-1.2939 0.1635 0.0
-1.2224 0.1936 0.0
-1.281 0.2444 0.0
-1.0979 0.2454 0.0
-1.2632 0.3243 0.0
-1.2735 0.37 0.0
-1.1982 0.3893 0.0
-1.1854 0.4268 0.0
-1.233 0.4882 0.0
-1.1359 0.4915 0.0
-1.18 0.5553 0.0
-1.0226 0.521 0.0
-1.2572 0.6912 0.0
-1.0073 0.5957 0.0
-1.0261 0.6512 0.0
-0.9866 0.6705 0.0
-0.965 0.7011 0.0
-1.0478 0.8128 0.0
-0.9878 0.8172 0.0
-0.8095 0.7137 0.0
-0.9507 0.8927 0.0
-0.9377 0.9377 0.0
-0.8166 0.8696 0.0
-0.8185 0.9284 0.0
-0.7889 0.9536 0.0
-0.7173 0.9247 0.0
-0.7406 1.0193 0.0
-0.6451 0.9492 0.0
-0.7456 1.1749 0.0
-0.6186 1.0461 0.0
-0.6176 1.1235 0.0
-0.5921 1.162 0.0
-0.5364 1.14 0.0
-0.4737 1.0948 0.0
-0.4308 1.0881 0.0
-0.4418 1.227 0.0
-0.3755 1.1558 0.0
-0.3139 1.0803 0.0
-0.3188 1.2418 0.0
-0.2504 1.1201 0.0
-0.2444 1.281 0.0
-0.1831 1.1559 0.0
-0.1607 1.272 0.0
-0.1269 1.342 0.0
-0.0791 1.2574 0.0
-0.0403 1.2814 0.0
0.0 1.3698 0.0
0.0403 1.2814 0.04
0.0777 1.2352 0.04
0.1123 1.1876 0.04
0.1635 1.2939 0.04
0.1831 1.1559 0.04
0.2235 1.1717 0.04
0.2504 1.1201 0.04
0.2967 1.1554 0.04
0.3453 1.1885 0.04
0.3962 1.2193 0.04
0.4418 1.227 0.04
0.4556 1.1507 0.04
0.4648 1.0741 0.04
0.527 1.1199 0.04
0.582 1.1423 0.04
0.6704 1.2194 0.04
0.7193 1.2164 0.04
0.6632 1.045 0.04
0.7577 1.1149 0.04
0.8179 1.1258 0.04
0.7858 1.013 0.04
0.8593 1.0387 0.04
0.9202 1.0438 0.04
0.9674 1.0301 0.04
1.0447 1.0447 0.04
1.0925 1.026 0.04
0.9947 0.877 0.04
1.1548 0.9553 0.04
1.2343 0.9574 0.04
1.0906 0.7923 0.04
1.1866 0.8064 0.04
1.1749 0.7456 0.04
1.3626 0.8058 0.04
1.2947 0.7118 0.04
1.2783 0.6513 0.04
1.2394 0.5832 0.04
1.51 0.6534 0.04
1.2736 0.5043 0.04
1.2888 0.464 0.04
1.4656 0.4762 0.04
1.3777 0.4003 0.04
1.4104 0.3621 0.04
1.5449 0.3453 0.04
1.4303 0.2729 0.04
1.4803 0.2345 0.04
1.5497 0.1958 0.04
1.5342 0.145 0.04
1.5799 0.0994 0.04
1.7466 0.0549 0.04
1.6453 0.0 0.04
1.6031 -0.0504 0.04
1.7035 -0.1072 0.04
1.7397 -0.1645 0.04
1.6528 -0.2088 0.04
1.6656 -0.2638 0.04
1.7165 -0.3274 0.04
1.7643 -0.3944 0.04
1.6729 -0.4295 0.04
1.6975 -0.4932 0.04
1.6812 -0.5462 0.04
1.5867 -0.5713 0.04
1.568 -0.6208 0.04
1.8214 -0.7882 0.04
1.5073 -0.7093 0.04
1.5929 -0.8116 0.04
1.6365 -0.8996 0.04
1.4692 -0.8689 0.04
1.5264 -0.9687 0.04
1.4117 -0.9594 0.04
1.4301 -1.039 0.04
1.3325 -1.0336 0.04
1.3151 -1.088 0.04
1.3259 -1.169 0.04
1.2886 -1.2101 0.04
1.2642 -1.2642 0.04
1.1823 -1.2591 0.04
1.235 -1.4008 0.04
1.1139 -1.3465 0.04
1.108 -1.4285 0.04
0.9305 -1.2807 0.04
0.9248 -1.3608 0.04
0.9146 -1.4411 0.04
0.848 -1.4339 0.04
0.8223 -1.4957 0.04
