

























0.0067 0.2118 0.0 0.2118808420823015
0.0067 0.2118 0.0 0.2118808420823015
0.0067 0.2118 0.0 0.2118808420823015
0.0067 0.2118 0.0 0.2118808420823015
0.0067 0.2118 0.0 0.2118808420823015
0.0067 0.2118 0.0 0.2118808420823015
0.0067 0.2118 0.0 0.2118808420823015
0.0067 0.2118 0.0 0.2118808420823015
0.0067 0.2118 0.0 0.2118808420823015
0.0067 0.2118 0.0 0.2118808420823015
0.0067 0.2118 0.0 0.2118808420823015
0.0067 0.2118 0.0 0.2118808420823015
0.0067 0.2118 0.0 0.2118808420823015
0.0067 0.2118 0.0 0.2118808420823015
0.0067 0.2118 0.0 0.2118808420823015
0.0067 0.2118 0.0 0.2118808420823015
0.0067 0.2118 0.0 0.2118808420823015
0.0067 0.2118 0.0 0.2118808420823015
0.0067 0.2118 0.0 0.2118808420823015
0.0067 0.2118 0.0 0.2118808420823015
0.0067 0.2118 0.0 0.2118808420823015
0.0067 0.2118 0.0 0.2118808420823015
0.0133 0.2115 0.0 0.2118808420823015
0.0133 0.2115 0.0 0.2118808420823015
0.0133 0.2115 0.0 0.2118808420823015
0.0133 0.2115 0.0 0.2118808420823015
0.0133 0.2115 0.0 0.2118808420823015
0.0133 0.2115 0.0 0.2118808420823015
0.0133 0.2115 0.0 0.2118808420823015
0.0133 0.2115 0.0 0.2118808420823015
0.0133 0.2115 0.0 0.2118808420823015
0.0133 0.2115 0.0 0.2118808420823015
0.0133 0.2115 0.0 0.2118808420823015
0.0133 0.2115 0.0 0.2118808420823015
0.0133 0.2115 0.0 0.2118808420823015
0.0133 0.2115 0.0 0.2118808420823015
0.0133 0.2115 0.0 0.2118808420823015
0.0133 0.2115 0.0 0.2118808420823015
0.0133 0.2115 0.0 0.2118808420823015
0.0133 0.2115 0.0 0.2118808420823015
0.0133 0.2115 0.0 0.2118808420823015
0.0133 0.2115 0.0 0.2118808420823015
0.0133 0.2115 0.0 0.2118808420823015
0.0133 0.2115 0.0 0.2118808420823015
0.0133 0.2115 0.0 0.2118808420823015
0.0133 0.2115 0.0 0.2118808420823015
0.0133 0.2115 0.0 0.2118808420823015
0.0133 0.2115 0.0 0.2118808420823015
0.0133 0.2115 0.0 0.2118808420823015
0.0133 0.2115 0.0 0.2118808420823015
0.0133 0.2115 0.0 0.2118808420823015
0.0133 0.2115 0.0 0.2118808420823015
0.0133 0.2115 0.0 0.2118808420823015
0.0133 0.2115 0.0 0.2118808420823015
0.0133 0.2115 0.0 0.2118808420823015
0.0133 0.2115 0.0 0.2118808420823015
0.0133 0.2115 0.0 0.2118808420823015
0.0133 0.2115 0.0 0.2118808420823015
0.0133 0.2115 0.0 0.2118808420823015
0.0133 0.2115 0.0 0.2118808420823015
0.0133 0.2115 0.0 0.2118808420823015
0.0133 0.2115 0.0 0.2118808420823015
0.0133 0.2115 0.0 0.2118808420823015
0.0133 0.2115 0.0 0.2118808420823015
0.0133 0.2115 0.0 0.2118808420823015
0.0133 0.2115 0.0 0.2118808420823015
0.0133 0.2115 0.0 0.2118808420823015
0.0133 0.2115 0.0 0.2118808420823015
0.0133 0.2115 0.0 0.2118808420823015
0.0133 0.2115 0.0 0.2118808420823015
0.0133 0.2115 0.0 0.2118808420823015
0.0133 0.2115 0.0 0.2118808420823015
0.0133 0.2115 0.0 0.2118808420823015
0.0133 0.2115 0.0 0.2118808420823015
0.0133 0.2115 0.0 0.2118808420823015
0.0133 0.2115 0.0 0.2118808420823015
