0.0949 3.0202 0.0
0.1888 3.0003 0.0
0.2873 3.039 0.0
0.3807 3.0132 0.0
0.4654 2.9384 0.0
0.5575 2.9224 0.0
0.6592 2.9489 0.0
0.7591 2.9567 0.0
0.83 2.8569 0.0
0.9096 2.7996 0.0
0.981 2.725 0.0
1.0366 2.6181 0.0
1.0859 2.5093 0.0
1.1143 2.3681 0.0
1.165 2.2865 0.0
1.1693 2.127 0.0
1.2266 2.074 0.0
1.2142 1.9132 0.0
1.2941 1.9042 0.0
1.2887 1.7738 0.0
1.3551 1.747 0.0
1.3739 1.6607 0.0
1.4254 1.6168 0.0
1.411 1.5026 0.0
1.4709 1.4709 0.0
1.4887 1.398 0.0
1.4742 1.2997 0.0
1.5292 1.265 0.0
1.5834 1.2282 0.0
1.6212 1.1779 0.0
1.5282 1.0385 0.0
1.4925 0.9472 0.0
1.5561 0.9203 0.0
1.5136 0.8321 0.0
1.557 0.7933 0.0
1.6176 0.7612 0.0
1.8742 0.8111 0.0
2.004 0.7934 0.0
2.2505 0.8102 0.0
2.3419 0.7609 0.0
2.5295 0.7349 0.0
2.6482 0.68 0.0
2.6683 0.5964 0.0
2.6532 0.5061 0.0
2.733 0.4329 0.0
2.6797 0.3385 0.0
2.6725 0.2526 0.0
2.5951 0.1633 0.0
2.582 0.0811 0.0
2.5146 0.0 0.0
2.4261 -0.0762 0.0
2.3158 -0.1457 0.0
2.1458 -0.2028 0.0
2.0826 -0.2631 0.0
1.8445 -0.2921 0.0
1.7561 -0.335 0.0
1.6657 -0.3723 0.0
1.5535 -0.3989 0.0
1.4799 -0.4299 0.0
1.344 -0.4367 0.0
1.3296 -0.4787 0.0
1.3539 -0.536 0.0
1.3167 -0.5698 0.0
1.3175 -0.62 0.0
1.3918 -0.7092 0.0
1.3504 -0.7424 0.0
1.3083 -0.7737 0.0
1.3012 -0.8257 0.0
1.222 -0.8305 0.0
1.2975 -0.9427 0.0
1.1506 -0.8925 0.0
1.1711 -0.9689 0.0
1.0438 -0.9202 0.0
1.0458 -0.9821 0.0
1.0897 -1.0897 0.0
1.0114 -1.077 0.0
0.963 -1.0923 0.0
0.9008 -1.0888 0.0
0.8529 -1.0995 0.0
0.8052 -1.1082 0.0
0.8064 -1.1866 0.0
0.734 -1.1566 0.0
0.7303 -1.2349 0.0
0.6599 -1.2004 0.0
0.602 -1.1816 0.0
0.5459 -1.16 0.0
0.5354 -1.2371 0.0
0.4962 -1.2533 0.0
0.4418 -1.227 0.0
0.3825 -1.1771 0.0
0.3761 -1.2945 0.0
0.3461 -1.3478 0.0
0.2988 -1.3368 0.0
0.2485 -1.3026 0.0
0.2109 -1.3314 0.0
0.169 -1.3374 0.0
0.131 -1.3853 0.0
0.0846 -1.3453 0.0
0.0437 -1.3908 0.0
0.0 -1.4561 0.0
-0.0457 -1.4554 0.0
-0.0914 -1.4533 0.0
-0.137 -1.4497 0.0
-0.2036 -1.6118 0.0
-0.2638 -1.6656 0.0
-0.2966 -1.555 0.0
-0.3176 -1.4211 0.0
-0.3568 -1.3896 0.0
-0.4241 -1.4596 0.0
-0.502 -1.5451 0.0
-0.5362 -1.4894 0.0
-0.6283 -1.587 0.0
-0.6452 -1.491 0.0
-0.6917 -1.47 0.0
-0.7469 -1.466 0.0
-0.7827 -1.4237 0.0
-0.8998 -1.5215 0.0
-0.9036 -1.4239 0.0
-0.9479 -1.3948 0.0
-1.0508 -1.4463 0.0
-1.0461 -1.3487 0.0
-1.101 -1.3308 0.0
-1.1422 -1.2956 0.0
-1.1823 -1.2591 0.0
-1.2213 -1.2213 0.0
-1.2293 -1.1544 0.0
-1.2956 -1.1422 0.0
-1.362 -1.1268 0.0
-1.3967 -1.0834 0.0
-1.3643 -0.9912 0.0
-1.4285 -0.9708 0.0
-1.4754 -0.9363 0.0
-1.5561 -0.9203 0.0
-1.5136 -0.8321 0.0
-1.575 -0.8025 0.0
-1.6897 -0.7951 0.0
-1.7858 -0.7728 0.0
-1.8632 -0.7377 0.0
-1.975 -0.711 0.0
-2.1028 -0.6832 0.0
-2.2627 -0.6574 0.0
-2.3167 -0.5948 0.0
-2.3688 -0.5295 0.0
-2.487 -0.4744 0.0
-2.6678 -0.4225 0.0
-2.5966 -0.328 0.0
-2.6224 -0.2479 0.0
-2.6957 -0.1696 0.0
-2.7163 -0.0854 0.0
-2.701 0.0 0.0
-2.7328 0.0859 0.0
-2.7779 0.1748 0.0
-2.7872 0.2635 0.0
-2.7452 0.3468 0.0
-2.7652 0.438 0.0
-2.766 0.5276 0.0
-2.7163 0.6072 0.0
-2.6162 0.6717 0.0
-2.5133 0.7302 0.0
-2.3915 0.777 0.0
-2.2169 0.7982 0.0
-1.9866 0.7866 0.0
-1.8391 0.7958 0.0
-1.7607 0.8285 0.0
-1.6463 0.8388 0.0
-1.7222 0.9468 0.0
-1.6916 1.0004 0.0
-1.6265 1.0322 0.0
-1.6414 1.1155 0.0
-1.6212 1.1779 0.0
-1.6137 1.2517 0.0
-1.5882 1.3139 0.0
-1.6028 1.413 0.0
-1.5164 1.424 0.0
-1.5109 1.5109 0.0
-1.5009 1.5983 0.0
-1.4864 1.686 0.0
-1.3976 1.6894 0.0
-1.321 1.7031 0.0
-1.3744 1.8917 0.0
-1.2737 1.8741 0.0
-1.2044 1.8978 0.0
-1.1535 1.9504 0.0
-1.1178 2.0333 0.0
-1.1179 2.194 0.0
-1.0032 2.132 0.0
-0.9918 2.2918 0.0
-0.932 2.354 0.0
-0.875 2.4305 0.0
-0.8295 2.553 0.0
-0.772 2.6571 0.0
-0.7163 2.7897 0.0
-0.6318 2.8264 0.0
-0.5516 2.8915 0.0
-0.463 2.923 0.0
-0.3826 3.0285 0.0
-0.2858 3.0237 0.0
-0.1897 3.0158 0.0
-0.0949 3.0202 0.0
0.0 3.0526 0.0
0.0959 3.051 0.2
0.1888 3.0003 0.2
0.2858 3.0237 0.2
0.3807 3.0132 0.2
0.4751 2.9998 0.2
0.5691 2.9834 0.2
0.6558 2.9338 0.2
0.7476 2.9118 0.2
0.843 2.9017 0.2
0.8999 2.7695 0.2
0.9756 2.71 0.2
1.072 2.7076 0.2
1.0859 2.5093 0.2
1.0999 2.3374 0.2
1.1179 2.194 0.2
1.1778 2.1424 0.2
1.1627 1.9661 0.2
1.2239 1.9286 0.2
1.2737 1.8741 0.2
1.3104 1.8036 0.2
1.3096 1.6883 0.2
1.338 1.6174 0.2
1.3757 1.5604 0.2
1.411 1.5026 0.2
1.4976 1.4976 0.2
1.4887 1.398 0.2
1.4887 1.3125 0.2
1.544 1.2773 0.2
1.4912 1.1567 0.2
1.5426 1.1208 0.2
1.4952 1.0161 0.2
1.4583 0.9255 0.2
1.5041 0.8895 0.2
1.5313 0.8419 0.2
1.5929 0.8116 0.2
1.6176 0.7612 0.2
1.75 0.7573 0.2
1.9517 0.7727 0.2
2.2001 0.7921 0.2
2.2917 0.7446 0.2
2.5618 0.7443 0.2
2.5839 0.6634 0.2
2.6683 0.5964 0.2
2.6857 0.5123 0.2
2.7005 0.4277 0.2
2.63 0.3322 0.2
2.6224 0.2479 0.2
2.544 0.1601 0.2
2.5306 0.0795 0.2
2.3741 0.0 0.2
2.3192 -0.0729 0.2
2.1882 -0.1377 0.2
2.0521 -0.194 0.2
1.9305 -0.2439 0.2
1.8445 -0.2921 0.2
1.8149 -0.3462 0.2
1.5855 -0.3544 0.2
1.4926 -0.3832 0.2
1.4392 -0.4181 0.2
1.5253 -0.4956 0.2
1.4301 -0.5149 0.2
1.3139 -0.5202 0.2
1.3755 -0.5952 0.2
1.3561 -0.6381 0.2
1.2399 -0.6317 0.2
1.2383 -0.6808 0.2
1.2164 -0.7193 0.2
1.3189 -0.837 0.2
1.1688 -0.7943 0.2
1.1258 -0.8179 0.2
1.1674 -0.9056 0.2
1.1054 -0.9145 0.2
1.1083 -0.9771 0.2
1.0615 -0.9968 0.2
0.9377 -0.9377 0.2
0.9674 -1.0301 0.2
0.9771 -1.1083 0.2
0.8731 -1.0555 0.2
0.8925 -1.1506 0.2
0.7923 -1.0906 0.2
0.7577 -1.1149 0.2
0.7223 -1.1382 0.2
0.675 -1.1414 0.2
0.6176 -1.1235 0.2
0.6513 -1.2783 0.2
0.574 -1.2197 0.2
0.5267 -1.2171 0.2
0.4556 -1.1507 0.2
0.4418 -1.227 0.2
0.4166 -1.282 0.2
0.37 -1.2735 0.2
0.3133 -1.2203 0.2
0.2748 -1.2296 0.2
0.2444 -1.281 0.2
0.2143 -1.3529 0.2
0.1771 -1.402 0.2
0.1269 -1.342 0.2
0.0833 -1.3235 0.2
0.0451 -1.434 0.2
0.0 -1.6038 0.2
-0.0464 -1.4768 0.2
-0.0901 -1.4318 0.2
-0.139 -1.4709 0.2
-0.1931 -1.5289 0.2
-0.2411 -1.5221 0.2
-0.2888 -1.5138 0.2
-0.3223 -1.4419 0.2
-0.378 -1.4722 0.2
-0.4416 -1.5201 0.2
-0.4697 -1.4456 0.2
-0.5362 -1.4894 0.2
-0.575 -1.4524 0.2
-0.6616 -1.5289 0.2
-0.718 -1.5259 0.2
-0.7376 -1.4475 0.2
-0.7626 -1.3872 0.2
-0.827 -1.3984 0.2
-0.8705 -1.3717 0.2
-1.0385 -1.5282 0.2
-1.039 -1.4301 0.2
-1.0084 -1.3 0.2
-1.0487 -1.2677 0.2
-1.1556 -1.3108 0.2
-1.2512 -1.3324 0.2
-1.2642 -1.2642 0.2
-1.2886 -1.2101 0.2
-1.2803 -1.1288 0.2
-1.3775 -1.1396 0.2
-1.3648 -1.0586 0.2
-1.3643 -0.9912 0.2
-1.4285 -0.9708 0.2
-1.5432 -0.9794 0.2
-1.4692 -0.8689 0.2
-1.4957 -0.8223 0.2
-1.557 -0.7933 0.2
-1.6718 -0.7867 0.2
-1.6957 -0.7338 0.2
-1.7729 -0.7019 0.2
-1.9394 -0.6982 0.2
-2.0852 -0.6775 0.2
-2.1409 -0.622 0.2
-2.2995 -0.5904 0.2
-2.386 -0.5333 0.2
-2.3843 -0.4548 0.2
-2.4836 -0.3934 0.2
-2.4947 -0.3152 0.2
-2.5887 -0.2447 0.2
-2.6289 -0.1654 0.2
-2.7328 -0.0859 0.2
-2.6509 0.0 0.2
-2.6831 0.0843 0.2
-2.7287 0.1717 0.2
-2.722 0.2573 0.2
-2.6962 0.3406 0.2
-2.733 0.4329 0.2
-2.766 0.5276 0.2
-2.7481 0.6143 0.2
-2.6162 0.6717 0.2
-2.5618 0.7443 0.2
-2.4243 0.7877 0.2
-2.2838 0.8222 0.2
-1.9692 0.7797 0.2
-1.7679 0.7651 0.2
-1.743 0.8202 0.2
-1.7164 0.8746 0.2
-1.6017 0.8805 0.2
-1.6413 0.9706 0.2
-1.6757 1.0634 0.2
-1.7205 1.1693 0.2
-1.5899 1.1552 0.2
-1.6287 1.2634 0.2
-1.6751 1.3857 0.2
-1.5746 1.3882 0.2
-1.4887 1.398 0.2
-1.4709 1.4709 0.2
-1.5009 1.5983 0.2
-1.4622 1.6585 0.2
-1.3976 1.6894 0.2
-1.321 1.7031 0.2
-1.3319 1.8332 0.2
-1.2531 1.8439 0.2
-1.2336 1.9439 0.2
-1.1627 1.9661 0.2
-1.1178 2.0333 0.2
-1.0616 2.0835 0.2
-1.0108 2.1482 0.2
-0.971 2.2438 0.2
-0.9193 2.3219 0.2
-0.8693 2.4144 0.2
-0.8295 2.553 0.2
-0.772 2.6571 0.2
-0.7163 2.7897 0.2
-0.6387 2.8574 0.2
-0.5486 2.876 0.2
-0.4654 2.9384 0.2
-0.3845 3.0437 0.2
-0.2916 3.0847 0.2
-0.1907 3.0312 0.2
-0.0964 3.0664 0.2
0.0 3.0679 0.2
