0.0235 0.7477 0.0
0.0423 0.6731 0.0
0.075 0.793 0.0
0.1029 0.8142 0.0
0.1396 0.8814 0.0
0.1717 0.8999 0.0
0.1947 0.8709 0.0
0.2454 0.9556 0.0
0.2818 0.9698 0.0
0.3121 0.9605 0.0
0.3183 0.8842 0.0
0.3372 0.8518 0.0
0.3638 0.8408 0.0
0.4399 0.9348 0.0
0.4051 0.7951 0.0
0.4069 0.7402 0.0
0.4543 0.7681 0.0
0.5783 0.9112 0.0
0.5677 0.8353 0.0
0.454 0.6248 0.0
0.4734 0.6103 0.0
0.5384 0.6508 0.0
0.4947 0.5611 0.0
0.5782 0.6158 0.0
0.6645 0.6645 0.0
0.5982 0.5618 0.0
0.7049 0.6214 0.0
0.8492 0.7025 0.0
0.8163 0.6332 0.0
0.9285 0.6746 0.0
0.9492 0.6451 0.0
0.969 0.615 0.0
0.9487 0.561 0.0
0.9053 0.4977 0.0
1.0428 0.5313 0.0
1.0179 0.479 0.0
0.9905 0.4286 0.0
1.0248 0.4057 0.0
1.1645 0.4192 0.0
1.1558 0.3755 0.0
1.0803 0.3139 0.0
1.1116 0.2854 0.0
1.2727 0.2845 0.0
1.2376 0.2361 0.0
1.2663 0.2006 0.0
1.2279 0.1551 0.0
1.2099 0.1144 0.0
1.1454 0.0721 0.0
0.8682 0.0273 0.0
0.748 0.0 0.0
0.7232 -0.0227 0.0
0.6731 -0.0423 0.0
0.7447 -0.0704 0.0
0.7663 -0.0968 0.0
0.5925 -0.0938 0.0
0.5646 -0.1077 0.0
0.5364 -0.1199 0.0
0.7245 -0.186 0.0
0.857 -0.249 0.0
0.7114 -0.2312 0.0
0.5408 -0.1947 0.0
0.5577 -0.2208 0.0
0.6416 -0.2776 0.0
0.5201 -0.2447 0.0
0.5345 -0.2723 0.0
0.5693 -0.313 0.0
0.7476 -0.4422 0.0
0.6316 -0.4008 0.0
0.6187 -0.4205 0.0
0.6639 -0.4824 0.0
0.798 -0.619 0.0
0.6876 -0.5688 0.0
