







0.0423 1.3473 0.29
0.0846 1.3453 0.32
0.1289 1.3637 0.36
0.1852 1.4658 0.4
0.2606 1.6454 0.43
0.3083 1.6162 0.47
0.3589 1.6057 0.5
0.4396 1.7121 0.54
0.5429 1.8686 0.58
0.5892 1.8135 0.61
0.6657 1.8491 0.65
0.7447 1.881 0.68
0.8927 2.0629 0.72
0.9177 1.9502 0.76
0.987 1.937 0.79
1.074 1.9536 0.83
1.1442 1.9347 0.86
1.2625 1.9894 0.9
1.3643 2.0075 0.94
1.3955 1.9207 0.97
1.5092 1.9457 1.01
1.5807 1.9107 1.04
1.6284 1.8471 1.08
1.7449 1.8582 1.12
1.7658 1.7658 1.15
1.9079 1.7916 1.19
1.912 1.6857 1.22
1.9773 1.6357 1.26
2.068 1.6041 1.3
2.1446 1.5582 1.33
2.1925 1.49 1.37
2.224 1.4114 1.4
2.2673 1.3409 1.44
2.323 1.2771 1.48
2.3017 1.1728 1.51
2.3528 1.1071 1.55
2.4174 1.0461 1.58
2.4491 0.9697 1.62
2.4625 0.8865 1.66
2.473 0.8035 1.69
2.4807 0.7207 1.73
2.5186 0.6467 1.76
2.5376 0.5672 1.8
2.5039 0.4776 1.84
2.585 0.4094 1.87
2.63 0.3322 1.91
2.5548 0.2415 1.94
2.612 0.1643 1.98
2.5649 0.0806 2.02
2.549 0.0 2.05
2.5133 -0.079 2.09
2.5268 -0.159 2.12
2.4861 -0.235 2.16
2.4775 -0.313 2.2
2.3799 -0.3769 2.23
2.3495 -0.4482 2.27
2.3169 -0.5179 2.3
2.2995 -0.5904 2.34
2.2627 -0.6574 2.38
2.1551 -0.7002 2.41
2.132 -0.7676 2.45
2.1069 -0.8342 2.48
2.046 -0.8854 2.52
1.9333 -0.9098 2.56
1.8366 -0.9358 2.59
1.8724 -1.0294 2.63
1.8068 -1.0685 2.66
1.8668 -1.1847 2.7
1.9191 -1.3042 2.74
2.0622 -1.4983 2.77
2.1079 -1.635 2.81
2.132 -1.7638 2.84
2.0878 -1.8407 2.88
2.0527 -1.9276 2.92
1.9797 -1.9797 2.95
1.8942 -2.0171 2.99
1.7642 -2.0011 3.02
1.6466 -1.9904 3.06
1.4769 -1.904 3.1
1.2996 -1.7887 3.13
1.2531 -1.8439 3.17
1.0634 -1.6757 3.2
0.9304 -1.5732 3.24
0.7626 -1.3872 3.28
0.6416 -1.2591 3.31
0.5553 -1.18 3.35
0.5004 -1.1563 3.38
0.5004 -1.1563 3.38
0.5004 -1.1563 3.38
0.5004 -1.1563 3.38
0.5004 -1.1563 3.38
0.5004 -1.1563 3.38
0.5004 -1.1563 3.38
0.5004 -1.1563 3.38
0.5004 -1.1563 3.38
0.5004 -1.1563 3.38
0.5004 -1.1563 3.38
0.5004 -1.1563 3.38
0.5004 -1.1563 3.38
0.5004 -1.1563 3.38
0.5004 -1.1563 3.38
0.5004 -1.1563 3.38
0.5004 -1.1563 3.38
0.5004 -1.1563 3.38
0.5004 -1.1563 3.38
0.5004 -1.1563 3.38
0.5004 -1.1563 3.38
0.5004 -1.1563 3.38
0.5004 -1.1563 3.38
0.5004 -1.1563 3.38
0.5004 -1.1563 3.38
0.5004 -1.1563 3.38
0.5004 -1.1563 3.38
0.5004 -1.1563 3.38
0.5004 -1.1563 3.38
0.5004 -1.1563 3.38
0.5004 -1.1563 3.38
0.5004 -1.1563 3.38
0.5004 -1.1563 3.38
0.5004 -1.1563 3.38
0.5004 -1.1563 3.38
0.5004 -1.1563 3.38
0.5004 -1.1563 3.38
0.5004 -1.1563 3.38
0.5004 -1.1563 3.38
0.5004 -1.1563 3.38
0.4474 -1.13 4.82
0.4117 -1.1435 4.86
0.43 -1.3234 4.9
0.3391 -1.167 4.93
0.3391 -1.167 4.93
0.3352 -1.3057 5.0
0.3269 -1.4627 5.04
0.2485 -1.3026 5.08
0.2345 -1.4803 5.11
0.1771 -1.402 5.15
0.143 -1.5132 5.18
0.1148 -1.8242 5.22
0.0497 -1.5822 5.26
0.0 -1.4988 5.29
-0.0504 -1.6031 5.33
-0.0994 -1.5799 5.36
-0.149 -1.576 5.4
-0.1984 -1.5705 5.44
-0.2606 -1.6454 5.47
-0.3044 -1.5958 5.51
-0.3812 -1.7054 5.54
-0.3989 -1.5535 5.58
-0.4648 -1.5997 5.62
-0.5462 -1.6812 5.65
-0.5713 -1.5867 5.69
-0.6133 -1.5489 5.72
-0.6698 -1.5477 5.76
-0.7867 -1.6718 5.8
-0.8388 -1.6463 5.83
-0.8419 -1.5313 5.87
-0.8998 -1.5215 5.9
-1.0217 -1.61 5.94
-1.0607 -1.5608 5.98
-1.0626 -1.4626 6.01
-1.1324 -1.4599 6.05
-1.326 -1.6028 6.08
-1.2868 -1.4596 6.12
-1.3718 -1.4608 6.16
-1.4305 -1.4305 6.19
-1.4467 -1.3586 6.23
-1.5319 -1.3505 6.26
-1.5735 -1.3017 6.3
-1.5529 -1.2045 6.34
-1.6367 -1.1891 6.37
-1.5933 -1.0828 6.41
-1.5934 -1.0112 6.44
-1.6581 -0.9806 6.48
-1.5313 -0.8419 6.52
-1.5389 -0.7841 6.55
-1.4323 -0.674 6.59
-1.5665 -0.6779 6.62
-1.4524 -0.575 6.66
-1.3901 -0.5005 6.7
-1.2193 -0.3962 6.73
-1.4188 -0.4122 6.77
-1.3057 -0.3352 6.8
-1.3155 -0.2941 6.84
-1.2376 -0.2361 6.88
-1.2663 -0.2006 6.91
-1.3157 -0.1662 6.95
-1.2322 -0.1165 6.98
-1.3671 -0.086 7.02
-1.2593 -0.0396 7.06
-1.2593 -0.0396 7.06
-1.348 0.0 7.13
-1.3255 0.0417 7.16
-1.3235 0.0833 7.2
-1.4283 0.135 7.24
-1.3157 0.1662 7.27
-1.3744 0.2177 7.31
-1.4303 0.2729 7.34
-1.4211 0.3176 7.38
-1.4311 0.3674 7.42
-1.3363 0.3882 7.45
-1.282 0.4166 7.49
-1.4499 0.522 7.52
-1.3339 0.5281 7.56
-1.356 0.5868 7.6
-1.4512 0.6829 7.63
-1.2974 0.6611 7.67
-1.3319 0.7322 7.7
-1.3264 0.7845 7.74
-1.3189 0.837 7.78
-1.3265 0.9015 7.81
-1.3477 0.9792 7.85
-1.3163 1.021 7.88
-1.2677 1.0487 7.92
-1.3108 1.1556 7.96
-1.1994 1.1263 7.99
-1.2356 1.2356 8.03
-1.1823 1.2591 8.06
-1.1422 1.2956 8.1
-1.1777 1.4236 8.14
-1.1203 1.4442 8.17
-1.1323 1.5585 8.21
-1.0274 1.5117 8.24
-0.99 1.56 8.28
-0.9706 1.6413 8.32
-0.9468 1.7222 8.35
-0.8478 1.6639 8.39
-0.845 1.7957 8.42
-0.7495 1.732 8.46
