

0.0092 0.2914 0.07
0.02 0.3173 0.07
0.02 0.3173 0.07
0.02 0.3173 0.07
0.025 0.2639 0.14
0.0299 0.2367 0.14
0.0415 0.2619 0.14
0.0546 0.2864 0.14
0.1088 0.4869 0.14
0.0921 0.3586 0.14
0.1604 0.552 0.14
0.1384 0.4258 0.14
0.1166 0.3238 0.14
0.1267 0.3199 0.14
0.1367 0.3158 0.14
0.1129 0.2399 0.14
0.1681 0.3298 0.14
0.1681 0.3298 0.14
0.2033 0.3698 0.18
0.3181 0.5378 0.18
0.1135 0.1789 0.18
0.2661 0.3915 0.18
0.1558 0.2145 0.18
0.2744 0.3538 0.18
0.269 0.3252 0.18
0.4132 0.4687 0.18
0.3065 0.3264 0.18
0.3347 0.3347 0.18
0.3076 0.2889 0.18
0.3166 0.2791 0.18
0.2852 0.236 0.18
0.2719 0.2109 0.18
0.2784 0.2023 0.18
0.3277 0.2227 0.18
0.2684 0.1703 0.18
0.251 0.1484 0.18
0.2555 0.1405 0.18
0.4218 0.2149 0.18
0.7426 0.3494 0.18
0.5734 0.2481 0.18
0.511 0.2023 0.18
0.5171 0.1862 0.18
0.5467 0.1776 0.18
0.6 0.1743 0.18
0.5323 0.1367 0.18
0.5117 0.1144 0.18
0.4145 0.0791 0.18
0.3913 0.062 0.18
0.5202 0.0657 0.18
0.4458 0.0421 0.18
0.4212 0.0265 0.18
0.6741 0.0212 0.18
0.5748 0.0 0.18
0.5745 -0.0181 0.18
0.795 -0.05 0.18
0.522 -0.0493 0.18
0.4442 -0.0561 0.18
0.5428 -0.086 0.18
0.6382 -0.1217 0.18
0.5854 -0.1309 0.18
0.3837 -0.0985 0.18
0.3804 -0.1105 0.18
0.6649 -0.216 0.18
0.4454 -0.1604 0.18
0.4875 -0.193 0.18
0.5275 -0.2283 0.18
0.5428 -0.2554 0.18
0.5567 -0.2837 0.18
0.4595 -0.2526 0.18
0.3632 -0.2148 0.18
0.4853 -0.308 0.18
0.5782 -0.3929 0.18
0.4036 -0.2933 0.18
0.6294 -0.4882 0.18
0.5386 -0.4456 0.18
0.3742 -0.3299 0.18
0.3637 -0.3415 0.18
0.5289 -0.5289 0.18
0.4447 -0.4736 0.18
0.4785 -0.5428 0.18
0.4768 -0.5764 0.18
0.4585 -0.5911 0.18
0.3673 -0.5055 0.18
0.4613 -0.6788 0.18
0.3348 -0.5276 0.18
0.3181 -0.5378 0.18
0.3486 -0.6341 0.18
0.3506 -0.6882 0.18
0.3081 -0.6547 0.18
0.2678 -0.619 0.18
0.23 -0.5809 0.18
0.2451 -0.6808 0.18
0.216 -0.6649 0.18
0.2222 -0.7649 0.18
0.1981 -0.7715 0.18
0.1254 -0.5609 0.18
0.1217 -0.6382 0.18
0.1055 -0.6661 0.18
0.0752 -0.5951 0.18
0.0727 -0.7689 0.18
0.047 -0.7466 0.18
0.0235 -0.7477 0.18
0.0 -0.6991 0.18
-0.0258 -0.8203 0.18
-0.0605 -0.9613 0.18
-0.0817 -0.8647 0.18
-0.1237 -0.9788 0.18
-0.1321 -0.8343 0.18
-0.1761 -0.9231 0.18
-0.205 -0.9171 0.18
-0.216 -0.8413 0.18
-0.2556 -0.8797 0.18
-0.3049 -0.9383 0.18
-0.3103 -0.8619 0.18
-0.2932 -0.7406 0.18
-0.3164 -0.7311 0.18
-0.3392 -0.7208 0.18
-0.3285 -0.6447 0.18
-0.4753 -0.8646 0.18
-0.4055 -0.6856 0.18
-0.3614 -0.5694 0.18
-0.4067 -0.5985 0.18
-0.4965 -0.6834 0.18
-0.4585 -0.5911 0.18
-0.5077 -0.6138 0.18
-0.5744 -0.6515 0.18
-0.5453 -0.5807 0.18
-0.7305 -0.7305 0.18
-0.7362 -0.6913 0.18
-0.8095 -0.7137 0.18
-0.8138 -0.6733 0.18
-0.8528 -0.6615 0.18
-0.8545 -0.6208 0.18
-1.0236 -0.6957 0.18
-1.0072 -0.6392 0.18
-0.9289 -0.5494 0.18
-1.0256 -0.5638 0.18
-1.0226 -0.521 0.18
-1.0385 -0.4887 0.18
-1.0115 -0.4377 0.18
-1.0881 -0.4308 0.18
-1.0585 -0.3811 0.18
-1.0699 -0.3476 0.18
-1.1885 -0.3453 0.18
-1.2418 -0.3188 0.18
-1.0756 -0.2404 0.18
-1.0375 -0.1979 0.18
-0.9281 -0.147 0.18
-0.8617 -0.1089 0.18
-0.6468 -0.0611 0.18
-0.5987 -0.0377 0.18
-0.5745 -0.0181 0.18
-0.5496 0.0 0.18
-0.5493 0.0173 0.18
-0.4725 0.0297 0.18
-0.5472 0.0517 0.18
-0.6199 0.0783 0.18
-0.7147 0.1132 0.18
-0.6625 0.1264 0.18
-0.7537 0.1685 0.18
-0.6532 0.1677 0.18
-0.4791 0.1392 0.18
-0.7345 0.2387 0.18
-0.5171 0.1862 0.18
-0.6728 0.2664 0.18
-0.5275 0.2283 0.18
-0.6988 0.3288 0.18
-0.6229 0.3174 0.18
-0.698 0.3837 0.18
-0.7681 0.4543 0.18
-0.7132 0.4526 0.18
-0.7381 0.5016 0.18
-0.6444 0.4682 0.18
-0.6674 0.5177 0.18
-0.5197 0.4299 0.18
-0.4687 0.4132 0.18
-0.4736 0.4447 0.18
-0.4418 0.4418 0.18
-0.4447 0.4736 0.18
-0.4132 0.4687 0.18
-0.3342 0.404 0.18
-0.2744 0.3538 0.18
-0.2783 0.383 0.18
-0.2661 0.3915 0.18
-0.2537 0.3997 0.18
-0.3932 0.6648 0.18
-0.2404 0.4372 0.18
-0.2149 0.4218 0.18
-0.2447 0.5201 0.18
-0.1676 0.3873 0.18
-0.1267 0.3199 0.18
-0.1604 0.4454 0.18
-0.0819 0.2521 0.18
-0.096 0.3304 0.18
-0.0659 0.2568 0.18
-0.0636 0.2845 0.18
-0.0887 0.465 0.18
-0.0579 0.3656 0.18
-0.0529 0.4187 0.22
-0.0421 0.4458 0.22
-0.0249 0.3954 0.22
-0.0124 0.396 0.22
0.0 0.3179 0.22
0.0116 0.37 0.22
0.0249 0.3954 0.22
0.0324 0.3426 0.22
0.0365 0.2893 0.22
0.0497 0.314 0.22
0.0791 0.4145 0.22
0.0864 0.3866 0.22
0.1241 0.4832 0.22
0.1321 0.4546 0.22
0.1463 0.4502 0.22
0.1776 0.4933 0.22
0.1648 0.4163 0.22
0.1262 0.2917 0.22
0.1241 0.2638 0.22
0.2033 0.399 0.22
0.2404 0.4372 0.22
0.1752 0.2962 0.22
0.1703 0.2684 0.22
0.2517 0.3703 0.22
0.2023 0.2784 0.22
0.2428 0.313 0.22
0.3018 0.3648 0.22
0.3801 0.4312 0.22
0.3762 0.4006 0.22
0.3347 0.3347 0.22
0.3451 0.3241 0.22
0.3166 0.2791 0.22
0.345 0.2854 0.22
0.3335 0.2587 0.22
0.3622 0.2632 0.22
0.4546 0.3089 0.22
0.3563 0.2261 0.22
0.4731 0.2798 0.22
0.4595 0.2526 0.22
0.5121 0.2609 0.22
0.5201 0.2447 0.22
0.6865 0.2971 0.22
0.511 0.2023 0.22
0.4933 0.1776 0.22
0.4502 0.1463 0.22
0.5278 0.1533 0.22
0.5323 0.1367 0.22
0.6582 0.1471 0.22
0.5646 0.1077 0.22
0.5428 0.086 0.22
0.5202 0.0657 0.22
0.6714 0.0635 0.22
0.5737 0.0361 0.22
0.6987 0.022 0.22
0.6248 0.0 0.22
0.5745 -0.0181 0.22
0.843 -0.053 0.22
0.4713 -0.0445 0.22
0.5703 -0.072 0.22
0.6661 -0.1055 0.22
0.515 -0.0982 0.22
0.4869 -0.1088 0.22
0.4832 -0.1241 0.22
0.5278 -0.1533 0.22
0.4258 -0.1384 0.22
0.5171 -0.1862 0.22
0.6271 -0.2483 0.22
0.4812 -0.2082 0.22
0.5654 -0.266 0.22
0.4897 -0.2495 0.22
0.4372 -0.2404 0.22
0.4294 -0.254 0.22
0.5065 -0.3214 0.22
0.4546 -0.3089 0.22
0.4242 -0.3082 0.22
0.5329 -0.4134 0.22
0.5197 -0.4299 0.22
0.4873 -0.4296 0.22
0.4916 -0.4617 0.22
0.4769 -0.4769 0.22
0.4617 -0.4916 0.22
0.5586 -0.6336 0.22
0.4456 -0.5386 0.22
0.4285 -0.5524 0.22
0.3964 -0.5456 0.22
0.3652 -0.5373 0.22
0.4008 -0.6316 0.22
0.3683 -0.6228 0.22
0.3368 -0.6126 0.22
0.3506 -0.6882 0.22
0.3185 -0.6768 0.22
0.3067 -0.7088 0.22
0.2573 -0.65 0.22
0.2534 -0.7038 0.22
0.2236 -0.6882 0.22
0.2155 -0.7417 0.22
0.1739 -0.6771 0.22
0.1525 -0.6822 0.22
0.1217 -0.6382 0.22
0.1094 -0.6905 0.22
0.1118 -0.8854 0.22
0.0681 -0.7204 0.22
