0.0617 1.9643 0.0
0.1246 1.9807 0.0
0.1868 1.9758 0.0
0.2414 1.9112 0.0
0.3105 1.9602 0.0
0.3719 1.9495 0.0
0.4329 1.9368 0.0
0.5126 1.9965 0.0
0.532 1.8311 0.0
0.637 1.9604 0.0
0.6393 1.7756 0.0
0.7447 1.881 0.0
0.7882 1.8214 0.0
0.845 1.7957 0.0
0.901 1.7683 0.0
0.9561 1.7391 0.0
1.0103 1.7083 0.0
1.0634 1.6757 0.0
1.1155 1.6414 0.0
1.1665 1.6056 0.0
1.1687 1.5067 0.0
1.3017 1.5735 0.0
1.3125 1.4887 0.0
1.3053 1.39 0.0
1.417 1.417 0.0
1.4326 1.3453 0.0
1.4887 1.3125 0.0
1.544 1.2773 0.0
1.5682 1.2164 0.0
1.6056 1.1665 0.0
1.6414 1.1155 0.0
1.6757 1.0634 0.0
1.6916 1.0004 0.0
1.671 0.9186 0.0
1.8366 0.9358 0.0
1.7782 0.8368 0.0
1.8917 0.8186 0.0
1.8632 0.7377 0.0
1.8673 0.6723 0.0
1.9604 0.637 0.0
